#output of Ade_Mal1000.dat
#lambda_i/nm   t/fs     mOD
	0	0.177	-0.246	0.139	0.249	-0.088	-0.038	0.048	-0.014	0.028375
#	OD(360.8332329884186nm)	OD(360.5893567795152nm)	OD(360.3472088080468nm)	OD(360.1067768267972nm)	OD(359.8680486753408nm)	OD(359.631012279427nm)	OD(359.39565565037nm)	OD(359.16196688444217nm)	 OD(averaged)
	50	0.054	0.082	-0.177	0.176	0.013	0.103	-0.008	0.142	0.048125
	100	-0.074	0.001	-0.032	0.172	-0.359	0.016	0.006	0.128	-0.01775
	150	0.157	-0.037	-0.126	0.090	0.156	-0.100	0.055	0.108	0.037875
	200	-0.002	0.051	-0.098	0.309	-0.168	0.155	0.016	0.012	0.034375
	250	-0.067	0.205	-0.116	0.192	0.015	-0.053	0.304	-0.204	0.0345
	300	-0.102	0.036	-0.087	0.076	0.149	0.053	-0.009	-3.583E-4	0.0144552125
	350	0.189	0.042	-0.030	-0.039	0.321	-0.276	0.086	0.167	0.0575
	400	0.135	-0.012	-0.189	0.088	-0.235	0.120	0.074	-0.171	-0.02375
	450	-0.257	0.251	0.069	-0.187	0.227	-0.163	0.101	-0.057	-0.002
	500	-0.034	-0.037	0.001	-0.127	-0.143	0.245	-0.220	-0.050	-0.045625
	550	-0.033	0.044	-0.018	-0.053	-0.003	-0.206	0.118	0.058	-0.011625
	600	-0.091	-0.023	-0.215	0.039	0.009	-0.193	0.107	-0.150	-0.064625
	650	-0.022	-0.101	-0.083	-0.063	-0.064	-0.103	0.079	-0.227	-0.073
	700	0.157	-0.037	0.097	-0.013	0.097	0.070	-0.033	-0.028	0.03875
	750	-0.070	-0.072	0.020	0.162	-0.033	0.144	-0.054	-0.005	0.0115
	800	0.315	-0.135	0.102	-0.082	0.209	-0.044	-0.032	0.009	0.04275
	850	0.162	-0.278	0.254	-0.170	0.182	-0.102	0.047	0.068	0.020375
	900	0.231	-0.355	0.082	0.135	-0.269	-0.193	0.204	-0.175	-0.0425
	910	-0.193	-0.043	-0.084	-0.122	0.166	-0.088	-0.240	0.029	-0.071875
	920	0.077	-0.033	-0.140	-0.052	0.044	0.031	-0.119	-0.049	-0.030125
	930	-0.254	0.142	-0.201	-0.141	-0.066	-0.091	0.008	-0.280	-0.110375
	940	-0.033	0.024	-0.121	0.212	-0.101	0.096	0.075	0.038	0.02375
	950	0.238	0.123	0.218	0.046	0.329	0.048	0.338	0.082	0.17775
	960	0.517	0.280	0.474	0.295	0.384	0.430	0.377	0.232	0.373625
	970	0.378	0.598	0.482	0.405	0.515	0.408	0.267	0.632	0.460625
	980	0.648	0.480	0.884	0.628	0.536	0.569	0.658	0.545	0.6185
	990	0.958	0.881	0.877	0.919	0.983	0.843	0.902	0.803	0.89575
	1000	1.187	0.922	0.987	1.133	1.024	1.004	0.851	1.044	1.019
	1010	1.216	1.122	1.409	0.919	1.226	1.240	0.954	1.406	1.1865
	1020	1.323	1.341	1.165	1.366	1.241	1.079	1.384	0.940	1.229875
	1030	1.273	1.589	1.325	1.372	1.457	1.101	1.664	0.991	1.3465
	1040	1.726	1.372	1.619	1.401	1.436	1.450	1.444	1.283	1.466375
	1050	1.458	1.655	1.309	1.684	1.462	1.447	1.370	1.523	1.4885
	1060	1.547	1.684	1.545	1.678	1.565	1.560	1.405	1.314	1.53725
	1070	1.557	1.705	1.587	1.587	1.412	1.453	1.565	1.342	1.526
	1080	1.525	1.717	1.406	1.527	1.604	1.478	1.297	1.425	1.497375
	1090	1.532	1.587	1.503	1.356	1.479	1.391	1.501	1.364	1.464125
	1100	1.573	1.726	1.531	1.591	1.421	1.668	1.500	1.482	1.5615
	1110	1.497	1.665	1.285	1.511	1.544	1.370	1.507	1.342	1.465125
	1120	1.637	1.437	1.456	1.549	1.285	1.495	1.252	1.519	1.45375
	1130	1.460	1.463	1.389	1.346	1.566	1.195	1.567	1.100	1.38575
	1140	1.363	1.503	1.328	1.622	1.421	1.414	1.385	1.428	1.433
	1150	1.492	1.366	1.460	1.250	1.351	1.198	1.366	1.226	1.338625
	1160	1.498	1.411	1.438	1.417	1.406	1.373	1.319	1.352	1.40175
	1170	1.397	1.195	1.355	1.323	1.309	1.424	1.214	1.196	1.301625
	1180	1.346	1.324	1.260	1.286	1.341	1.168	1.322	1.055	1.26275
	1190	1.408	1.252	1.410	1.316	1.350	1.332	1.302	1.244	1.32675
	1200	1.080	1.281	1.255	1.222	1.144	1.211	1.164	1.159	1.1895
	1210	1.255	1.228	1.322	1.156	1.251	1.226	1.089	1.202	1.216125
	1220	1.225	1.143	1.134	1.100	1.071	1.104	1.132	1.032	1.117625
	1230	1.068	1.288	0.982	1.204	1.072	0.991	1.167	1.017	1.098625
	1240	1.090	1.284	1.148	1.199	1.039	1.124	1.196	1.110	1.14875
	1250	1.168	1.250	1.156	1.120	1.042	1.157	1.090	1.218	1.150125
	1260	1.054	1.176	1.233	0.972	1.205	1.086	1.001	1.043	1.09625
	1270	0.971	1.124	1.005	0.933	0.998	0.950	1.081	0.965	1.003375
	1280	0.999	1.237	0.881	1.101	1.131	0.924	1.149	0.931	1.044125
	1290	0.908	1.008	0.992	0.913	1.070	0.798	1.017	0.860	0.94575
	1300	0.982	0.966	0.938	0.948	0.831	0.951	0.820	0.888	0.9155
	1310	0.871	1.025	0.848	1.023	0.910	0.904	0.783	0.939	0.912875
	1320.512695	0.877	0.886	0.865	0.862	0.909	0.809	0.832	0.842	0.86025
	1331.564453	0.912	0.934	0.703	0.879	0.917	0.739	0.845	0.793	0.84025
	1343.182739	0.862	0.922	0.926	1.021	0.715	1.036	0.797	0.843	0.89025
	1355.396851	0.855	0.890	0.801	0.994	0.913	0.928	0.707	0.982	0.88375
	1368.237061	0.728	0.759	0.807	0.697	0.913	0.709	0.676	0.766	0.756875
	1381.735596	0.879	0.794	0.683	0.760	0.778	0.803	0.623	0.818	0.76725
	1395.92627	0.836	0.845	0.739	0.828	0.760	0.749	0.877	0.735	0.796125
	1410.844604	0.577	0.858	0.731	0.665	0.722	0.693	0.734	0.578	0.69475
	1426.52771	0.740	0.867	0.641	0.883	0.746	0.617	0.935	0.733	0.77025
	1443.014893	0.578	0.789	0.556	0.686	0.610	0.646	0.519	0.778	0.64525
	1460.347412	0.684	0.828	0.753	0.700	0.789	0.676	0.615	0.759	0.7255
	1478.568604	0.630	0.726	0.565	0.596	0.628	0.647	0.554	0.570	0.6145
	1497.723999	0.579	0.593	0.629	0.580	0.591	0.630	0.481	0.559	0.58025
	1517.861572	0.638	0.640	0.693	0.572	0.712	0.457	0.725	0.552	0.623625
	1539.031616	0.525	0.586	0.452	0.568	0.552	0.505	0.470	0.552	0.52625
	1561.286987	0.628	0.667	0.586	0.688	0.560	0.623	0.588	0.598	0.61725
	1584.683472	0.502	0.680	0.370	0.532	0.386	0.559	0.574	0.340	0.492875
	1609.279419	0.477	0.500	0.512	0.499	0.461	0.554	0.492	0.388	0.485375
	1635.136597	0.437	0.451	0.596	0.373	0.475	0.433	0.386	0.363	0.43925
	1662.319336	0.591	0.462	0.533	0.531	0.542	0.597	0.411	0.572	0.529875
	1690.895874	0.457	0.565	0.525	0.426	0.582	0.274	0.654	0.404	0.485875
	1720.9375	0.496	0.368	0.389	0.506	0.398	0.502	0.249	0.422	0.41625
	1752.519531	0.312	0.420	0.492	0.374	0.461	0.343	0.518	0.272	0.399
	1785.720581	0.601	0.299	0.464	0.471	0.513	0.385	0.451	0.511	0.461875
	1820.624023	0.398	0.494	0.372	0.629	0.249	0.491	0.462	0.316	0.426375
	1857.317017	0.562	0.360	0.515	0.394	0.451	0.420	0.506	0.296	0.438
	1895.891235	0.670	0.392	0.338	0.459	0.560	0.234	0.519	0.314	0.43575
	1936.443359	0.301	0.357	0.334	0.373	0.362	0.278	0.487	0.128	0.3275
	1979.074463	0.540	0.295	0.282	0.310	0.233	0.358	0.368	0.205	0.323875
	2400	0.228	0.443	0.189	0.322	0.344	0.260	0.344	0.216	0.29325
	2820.508545	0.396	0.131	0.364	0.428	0.140	0.358	0.300	0.208	0.290625
	3262.576904	0.306	0.264	0.340	0.292	0.299	0.376	0.224	0.204	0.288125
	3727.310547	0.267	0.195	0.228	0.195	0.170	0.295	0.116	0.274	0.2175
	4215.871582	0.365	0.239	0.360	0.197	0.402	0.127	0.391	0.290	0.296375
	4729.481934	0.223	0.138	0.216	0.171	0.243	0.188	0.176	0.246	0.200125
	5269.425293	0.093	0.409	0.011	0.333	0.197	0.158	0.235	0.048	0.1855
	5837.052246	0.121	0.282	0.298	0.232	0.220	0.209	0.278	0.236	0.2345
	6433.782227	0.208	0.143	0.380	0.193	0.139	0.386	0.193	0.168	0.22625
	7061.106934	0.142	0.134	0.119	0.016	0.482	-0.042	0.170	0.060	0.135125
	7720.595703	0.107	0.203	0.047	0.154	0.073	0.225	0.127	0.078	0.12675
	8413.896484	0.199	0.165	0.306	0.133	0.157	0.247	0.175	0.262	0.2055
	9142.744141	0.157	0.275	0.215	0.284	0.189	0.296	0.152	0.280	0.231
	9908.960937	0.159	0.283	0.232	0.214	0.196	0.181	0.246	0.172	0.210375
	10714.461914	0.055	0.345	0.146	0.185	0.089	0.206	0.321	0.159	0.18825
	11561.262695	0.162	0.220	0.287	0.046	0.131	0.253	0.197	0.112	0.176
	12451.478516	0.259	0.134	0.165	0.287	0.150	0.078	0.247	0.164	0.1855
	13387.336914	0.245	0.138	0.170	0.287	0.065	0.269	0.008	0.340	0.19025
	14371.177734	0.164	0.060	0.168	0.245	0.052	0.111	0.274	0.126	0.15
	15405.461914	0.159	0.186	-6.684E-4	0.170	0.133	0.080	0.067	0.182	0.12204145
	16492.773437	0.085	0.127	0.032	0.165	0.023	0.174	-0.017	0.221	0.10125
	17635.835937	0.134	0.090	0.150	0.143	-0.027	0.082	0.127	0.123	0.10275
	18837.501953	-0.069	0.068	0.167	0.111	0.070	0.076	0.097	0.074	0.07425
	20100.779297	0.221	0.145	0.266	0.052	0.244	0.138	0.111	0.231	0.176
	21428.824219	0.335	-0.096	0.211	-0.181	0.252	-0.064	0.113	0.143	0.089125
	22824.960937	0.363	0.030	0.149	0.195	0.149	0.221	0.083	0.167	0.169625
	24292.681641	-0.041	0.296	0.169	0.143	0.183	0.004	0.358	0.123	0.154375
	25835.650391	-0.053	0.069	0.023	0.243	-0.050	0.181	0.163	0.093	0.083625
	27457.732422	0.079	0.091	0.063	0.012	0.186	-0.049	0.177	-0.084	0.059375
	29162.976562	0.173	0.189	-0.016	0.314	0.087	0.089	0.144	0.163	0.142875
	30955.650391	0.055	-0.002	0.073	0.051	0.123	-7.344E-4	0.136	0.109	0.0680332
	32840.242187	0.233	0.136	0.057	0.225	0.167	0.081	0.152	0.054	0.138125
