12.459751988599436
11.214210069934367
6.531848331457038
6.28414743750677
21.456823058716118
22.750890635933427
22.735585439876186
20.263443422389695
29.898456839705897
33.78427383407267
31.448381781954396
37.18872404109181
20.877137385349464
31.20739536848102
29.0847300362764
15.683553825078368
23.599703088731246
30.094914329796858
23.909711149800355
23.39652709434763
22.97456994681448
25.998018463096834
26.14694748186633
26.044997615988205
21.056882833665767
21.78335711845241
21.254183996649157
22.723582290343742
25.60998625526386
25.22251917757997
24.097783008923557
23.18173103456508
15.151598876094944
13.505130094438353
13.717266929783362
9.642837979033812
19.53810748244016
10.421310197327818
9.812257875867544
14.388308081293625
11.732470832607142
26.66774957472391
20.26551081035816
19.43562236373057
20.226459017582854
16.121656271672727
18.9398336487271
18.996126594418296
25.59037339578129
28.10905334457454
27.153574697321506
28.39585828936078
36.53893763933747
37.67725753591366
37.13609279702879
37.194899994411266
24.82551650249069
23.409711961023348
26.609174963021
26.997198947967362
13.011474751211574
14.290092942736617
19.099146279369467
18.796266578408694
28.872270113719825
29.87371961909047
29.456957746286246
29.985682824160218
29.29308398849265
30.106788790292136
26.792486492236407
28.6244926346162
30.882748139959016
29.8246338918368
26.347765774976818
27.034040398760144
11.755216704046546
38.580679405510665
25.737175958990566
30.53025141337254
27.729719165109465
33.75548839418438
30.623897158231646
31.521445325629312
8.869895519623599
20.152690451278474
20.554890279199572
22.888652184326816
32.31922204904729
34.02249918058577
33.09586496905034
32.90288891651365
34.447826291609886
32.62241944281892
33.93266308832931
31.972664935335647
23.36229441402723
18.080261671540338
21.512899271622757
21.742762465168624
26.91429837253262
26.567248859666883
28.97881406212097
27.69042463464637
3.358116658259217
6.4217646948611105
32.27520505714764
28.728462157449353
24.60859317135326
24.582931981436573
24.704811139457252
24.25720493971702
31.022549154298357
19.559229135038336
19.953289980222234
20.81275433192259
20.58976224551767
17.991639235562822
20.09913241389234
22.129562123325034
26.11489127702023
31.939846969525295
32.19825624164999
31.40855848688727
31.11657971632719
32.023228884506636
36.96686611105292
34.79797765387056
29.248324236043345
30.708740972235045
30.952026870489625
31.782399228031842
24.180517736801043
28.17010415810939
22.186023023712654
23.500988744564783
34.081372685202
32.61096443863216
34.3318370247751
33.85495410598774
30.057307160663
26.557743296201227
26.48924265329113
25.546778337366568
21.57804643197159
23.228977822323507
27.094991079979025
27.303468016741725
31.5731216741284
30.041923258881443
27.45244025110843
29.214414050477117
16.0815995453051
15.700481705429
19.567401740472118
21.75803488528863
18.73162087608985
17.197452924423096
20.591365517069608
16.84378032190916
32.57814033108656
24.880940689679747
31.609759703480776
30.502632997634816
31.137269195814678
30.215776011680468
30.553285150988224
31.016668295896
25.223026707512
23.14805205604143
23.254724425838663
24.29385234376584
8.55441144364617
8.117780100522328
7.0215685568180115
6.508949003571595
11.944279028535982
16.655475121694142
18.590887016207333
15.663300722788223
27.61469572244347
28.46119267068461
26.951325966994954
27.496180473083427
32.698230385957125
31.481798786541333
31.291840967256952
31.347574238057764
24.24699975486696
25.009427470927086
25.031469335053476
24.23364490750515
20.791923637997506
18.6825539726533
21.241165668721873
20.61311714530256
4.250706475662179
19.31133957717345
18.04708142636043
18.682189613709124
26.98157421474697
26.251975294939463
25.307499518927834
25.48359053827109
19.507436859208145
18.53356057173975
20.257669844563175
22.881089026396644
30.777218927097152
27.802806714195096
28.072509484183943
27.924371868273177
30.853976948754063
32.12180905478021
29.52402345114571
31.433452564118443
28.829121773496468
27.652824860225618
27.919424644109498
27.105773160587432
28.233065396500788
29.605683549782327
27.035757230021805
28.127966667370902
29.21459254690666
30.651309891034785
28.456251667293635
27.619212488068673
23.629778656190037
23.414861556221595
23.33558262204336
23.354056745928084
25.97390897980752
20.595293904399753
19.325064082965188
20.16214006610898
19.62205597133018
28.561407899107603
28.666098066852257
28.608330832842412
14.47252895541041
15.312560879700273
14.949774136121185
14.292929548980792
35.155441368605196
30.49188292472976
29.478492092459646
29.08843657907801
30.49120770514169
32.102210568272874
36.13491416226129
36.06656713581832
21.19354845340896
19.625163522697076
21.428076985363216
25.715198888244608
10.301749021621427
10.10079834079611
9.53006620722527
9.20460107099612
27.724460902305008
26.311358224157765
26.91001797266424
28.74030397700017
23.055574977781298
21.465276211476063
20.766110741298235
20.80554335781721
22.09760391806222
32.09945257528136
31.763429302751927
31.507727658116963
20.38322857712515
22.48727155128362
22.072011941092065
22.06036374092964
26.034689843227355
33.6784955315144
32.14119075628987
32.24718053572173
26.441635499450566
25.145605344180645
24.48089840842703
24.418246530299577
23.672542690075815
22.314089163579983
25.441976587160852
25.632924140364
37.514833413328965
36.214485163675555
36.074920546425815
37.750898442294485
30.445677533000957
28.5504997866014
27.881421560923556
27.474939884777033
34.186472126798016
35.8218345062151
34.13704786200348
35.37400470102275
31.18296762849649
23.2716444602017
23.051410878681185
21.474865476162005
25.95854787803092
23.18401161808803
24.22186472709186
22.542577777377605
22.38059086244285
22.39292561960796
22.69510319399153
22.703224476807968
14.812341807476091
13.619742964538336
14.325636548623093
14.259384196107336
27.49737022052022
27.24266949466871
27.083543018828642
27.20738962472048
24.93518846822242
21.83403449116923
25.490780787305596
22.702654816254494
28.42120526848627
40.06719399900807
27.54017563644142
39.01523063134364
29.196751841540717
29.30222737416915
29.442713043118836
30.028995082314932
17.70277494009927
19.293373732090988
18.47418262725047
17.747740897433268
13.260629181711467
29.128301765584705
28.873205997136065
28.916941630985534
29.325470981028808
28.825962745899314
29.510154364217588
30.039245920381326
17.60719218076581
17.31991380640743
17.266516030121824
16.59836507883549
28.338271485680217
31.789138507764235
30.09487842860233
30.868027365238245
26.432829270158145
24.38145679595581
26.831196624384884
27.976351641685103
18.7897193985779
19.867080990610507
17.753683039162905
17.351508783324128
26.06425944336109
26.668863371549122
27.50772099315164
28.11433689335803
31.405706265619898
22.594078988897458
22.487842818804587
21.785443282860403
25.254447504250773
26.242696581959468
20.65926927572563
20.88841096503597
18.154699555872238
25.470311698778293
30.49432639953399
30.544087561274097
19.646259502033153
20.557071505457916
17.50037376179827
27.330585517851627
17.254344890494046
21.375459378678773
19.02520382211218
19.16845227380671
35.80061101110246
35.3867149906038
35.7164300178575
35.387291205555165
4.136610154329136
5.120718629233832
5.063750123077199
5.284040082743402
3.761899832687501
4.02935074930523
3.8195896948244994
4.103791096876833
22.114416745587103
18.840973492751875
22.27141939867745
21.475988043301797
30.150084235398833
29.34853699846022
30.970066280874903
31.87691432462836
3.572969389427743
5.455488366814284
6.244017003064825
4.379858164105942
15.249784558134824
13.567552044310977
13.638132446403398
14.706660958757842
14.299645355229353
15.056665274569973
14.002979910087241
14.302391592376797
12.959844084344544
7.471767472381139
5.760420662295287
9.65579600865425
22.897386886880458
27.98818212918035
28.574103938613707
28.755077101505865
22.196580062529996
22.2447377788116
19.891932394242666
20.022913824666094
27.25735336763763
22.49970676230544
21.381912361730368
30.30747906238018
31.779669683121366
29.43186436937331
30.24646681681946
29.86673071420146
34.75721247480465
26.50017010844261
30.548120977407056
30.222975584891433
20.06726233255833
21.132024672843933
19.01685730366694
19.3750566031141
31.238020358700492
30.40625522077567
30.400561757669454
30.582034624937958
21.655646018425735
22.12084519969523
22.08077083547224
22.142090999838818
27.229066607760277
29.99253942443043
29.97605284205867
31.554343329351013
33.87757313113303
36.6027868933265
40.19059056495801
45.281680740003736
19.104016790457205
20.165283279464443
22.311910068818477
22.99044647904829
13.477294250478925
20.58633325908163
12.91177735222615
20.223948370741436
22.506329208541196
29.722696385611556
30.748214621537294
27.633417760023452
28.16375892665858
27.579614462089342
28.082814175941067
28.746417243262435
11.091155673007687
15.056175061941039
12.659686755748792
20.653506450802652
19.912002659207353
21.166062923397504
20.385065385865712
19.92183990049462
31.858426356148225
30.784390352843463
26.625393411856265
30.700569783525
23.335169523753496
24.04522595180384
23.977721071222252
25.27643452277543
25.374403384627666
26.896834160769654
25.931089494538448
25.650446710498887
22.485162912533248
24.05065407638681
24.819762069756322
25.472261254660776
24.383440093373192
22.95304498351091
22.891674623547797
23.139204482596536
21.937086603994164
24.643675886995535
24.3791253014352
24.061108734468807
23.400644628172532
22.997314498150246
22.88155416143325
24.09827898458082
21.39001104195021
37.16892681805749
35.39138656314045
34.42353930173883
19.438614804879062
19.73020911628747
19.90624083899514
20.67262398353542
34.00996837164824
34.473324151672685
35.787559713725415
34.86071785912923
23.052431430099556
23.49216240472723
23.230475162684918
22.796326596326335
21.934803758260323
22.899633650642922
22.78159829179579
23.309606654434226
23.537170368795376
22.731295534776248
22.884791512632322
23.570616702394382
25.88629360568291
20.375686451496364
23.964659454237534
24.134301488868168
20.48955327552461
19.65157275629952
19.236841001197785
16.66516659985069
17.18000937698861
24.08906979289928
25.051744555616203
20.810391032963892
18.863852855781662
17.864555483332516
17.643358715786153
15.667822870107816
18.404122566157874
20.029693894534365
25.596211555990003
22.11096411858824
25.643415832551945
24.959455027155332
25.230882717765557
23.524015708809262
16.926410445646795
18.696407605408115
17.910379103301892
16.84067005918825
12.123152496791853
12.995828887936053
13.40101743796287
18.228150872798583
17.491454513382212
17.643726954923633
10.735739698864444
10.539840314911466
12.364745882260959
20.99464788762972
21.19079307105659
21.246678709256013
34.97399066144847
35.30644475288855
34.785551200246886
34.267683538800334
21.170101691410764
22.20841133914815
22.01736333598482
21.371349785726952
24.4192986197944
22.960177585747697
22.930125306405237
22.415101673292106
5.845467943959694
5.81303772980399
5.175172516181399
4.472958674981111
28.3734919604421
27.943696428436674
28.502096156564
25.2540921819264
36.669694664283135
37.39349764462763
37.90758963483715
37.90906572178997
24.944152243392697
20.9724554421409
19.020160721691838
20.906031973882694
23.899332240119136
22.529931755797023
22.451859313695635
21.358505035472845
16.99135086196074
15.548372639734572
15.882538567054064
15.421659214781235
22.863296447038262
22.054608287057423
22.06174853807904
22.525455909272534
19.901843985355587
19.881718079493936
19.026322938851536
18.66783695770854
14.952578438683613
13.940792943212145
15.42952374413101
15.452825650517237
22.503298164771543
26.981943246536265
25.71370126108007
26.60814060304656
26.249240050059594
25.514758690106017
25.36698394583389
25.938834503124117
28.531393185636958
31.855864781920275
32.15586258573573
33.4460547125404
20.02140299687834
20.17375887920548
19.973284723215908
22.27334728718877
21.942764812060844
20.84182543026827
22.525306809397012
21.418717376627363
28.81788855199758
28.7896255220501
25.37704693951119
26.06245711099929
30.30303329771655
21.074436652933496
20.950934881108214
21.04546889644139
22.066504195961326
20.914882078775737
20.866026320294708
20.498702068287713
23.37849496643623
22.166932108367835
21.32552285288677
20.717406478316494
11.344151160635473
13.865803496166357
9.493140181385957
9.500647119678636
19.86059584526525
26.51896277225391
25.460834093716777
25.833537516923307
25.11914031073798
23.758944877200932
24.332640080150853
24.266798465267524
30.65873547047479
29.478341548468517
28.761923853284905
30.204308122416812
28.117225310731065
29.352423047587717
29.11851960742557
27.82681786716334
25.316817715864783
25.03860965070516
25.026104010693427
24.96356013981779
11.39509966825739
11.050304417816308
11.92941578009113
10.976104058336766
12.006269598595573
10.472360408416113
12.341038456492122
10.911861293544419
9.240354924853376
9.89331438735024
10.09873736662417
8.888117122544356
24.214012738941864
29.00051107680476
27.94016542857023
28.461087126348623
32.36650714013739
31.639810172431197
30.976665185125167
29.95316896290947
26.8795120319802
32.82140844768859
33.16390296390513
32.983099929554
23.23813321034364
24.659437616987482
24.573652243686
24.39104266445252
26.78069548269814
22.498534962788852
20.587611406856333
18.997136066970782
25.117221675746784
26.40608852488285
22.82199982150271
22.036080642592065
23.81373883800237
24.17637613547718
24.693362188728795
24.84631766152861
12.250827047755639
16.517237574234525
16.88975166575586
16.03285770058721
19.876888711272986
20.718256926465276
20.7665897660269
20.023815515574782
15.728411231800177
17.489296001638326
19.48645907653099
17.826774503125016
19.130315359894617
21.697874158227773
22.098812917501313
23.66455137511563
41.484917771361665
28.438074769683112
26.097944300782455
27.153882140715535
16.81853759773065
20.60036502593785
17.325106711991765
17.75293301512959
18.02958440508036
16.31251029699053
15.875618247543935
14.93105917106106
25.057657917167553
25.90758476130519
25.528322394682817
25.52168572490823
20.032429104920553
12.367044457194863
15.317311260719793
20.091698647781385
13.786229585437729
20.869843929658785
23.605203856311764
20.590252893612192
28.15220883144558
26.86530133430054
24.789612211684485
24.400131179874382
31.401351118928755
28.83159803445693
27.12712792374686
25.556710548953465
14.117919507544475
13.863100616364152
13.859768361124795
13.447598788868095
27.048413956982237
27.016912199030834
26.30170966816155
26.378906128531305
24.798224538307167
23.699089115383604
24.116328277763632
28.204576333453947
21.886951715425177
32.31455568323983
31.84587459486769
32.50582679573276
24.374633899903344
25.115299803309185
27.90710606631058
27.13552299772328
22.03152184043939
23.332078731310947
23.571724479248452
21.640743077034003
36.03681521740712
36.25267212160555
36.77999541771794
36.59116552694129
29.734007629392536
30.02301719104143
30.31155768821564
30.977779347714918
18.76885828098574
19.267137830599225
17.82524075888646
19.424825408890175
26.953505077018114
28.86861028730308
31.089251517321433
31.561855790531958
25.402821747230927
26.404074771288307
28.238880061235392
28.75867123945158
28.022470380925242
25.54880844170767
25.521306328678588
25.455993008070983
22.67448547274522
22.230045205771823
21.534354455152787
21.3940180798561
17.48809333096235
15.902344779692838
16.59176781426291
16.654004715934644
12.878405095588885
12.720867005686566
13.440646069232466
13.645502174628021
21.57582904731257
21.68232570343605
21.706788063403593
23.321613415353262
13.640965273044397
13.068730226544012
12.964490909858213
11.768776896269799
14.648789272919105
19.57510840093352
20.581347120757258
14.643670407158222
24.54482074733919
24.983959657971372
24.45927884541526
24.147729275069228
32.03211596937374
28.84066733646898
27.27765097407149
27.927471402278503
22.94030193907295
21.709283126532917
23.3484949067206
27.846476692348325
15.333855280382895
16.023492716193992
15.754122360733062
16.435554676201054
27.453371958597714
28.188706975838183
28.156162249042236
23.974360056417076
28.355076035676475
27.444158686357458
27.179536155738123
24.526887421630732
31.153050555388607
28.582753901256474
26.37451264979448
27.4821747157224
21.931450023850992
22.23151625068341
23.39196485227387
21.840521322676167
7.246894632242698
21.957683327706775
16.233152071494438
17.072199299197184
3.61467144571991
3.9114546428619796
3.3094793726603795
3.0847165051495224
27.429716922895977
27.126691932528765
27.842953560529494
26.776391740586483
24.536589811267273
23.551016855170662
21.183241394414274
21.547958648747755
18.428531604956138
19.114795973950738
20.773991849700142
19.114210998565863
12.635591248907271
12.288806498813416
13.398639360382157
7.850652327945412
29.12749287818986
22.454254768646
23.521938290932436
24.68877090681759
25.61419047977912
25.611900189879155
25.25894958026091
25.03638502441354
21.359460666580908
21.385102981678052
21.339062569697266
21.900875805301048
7.506383462110254
7.288931218197906
7.126989048796501
7.348895239811869
6.39978825341292
5.349256750265762
4.928008448864981
5.894781937405417
12.852736124285485
15.732518248381565
16.99039645949893
14.898838733736667
31.27666033892292
20.666701952334105
20.79161310899897
19.81246534919778
30.85825929331302
29.346516380516903
28.519482988846566
30.995298434632943
20.81372775909953
22.359112854770256
23.388396424651784
30.841520282717198
29.758758177017384
25.24549858335104
27.85893786889443
26.643775011047428
14.39643213687027
15.920135330796365
23.989551099961336
25.25124242267719
17.98018219824444
16.32654088410464
17.12896801098728
17.23348745830671
21.228939324845097
20.963453042449196
14.621581497995429
15.638369685533672
21.322068610304836
19.179386269279323
21.7217306423783
21.850059205069634
18.171370396589786
19.961230069649595
22.98981877262702
23.463478041455627
8.776191466096266
20.580457127937994
20.491753450062447
19.189750333601967
24.284992977603604
27.30174145158592
27.013651292077235
30.95217015781889
18.895688628449797
22.213746785898877
20.970553922334734
22.58581073469849
20.977511972562006
18.675213010069555
19.167751588217275
22.132559271389255
19.585868067805297
19.28221742993735
19.77319432408476
19.58621611392914
27.34852207558272
26.314128207715456
27.62716510102563
25.925079677786915
10.897711034160599
16.633771989781387
16.093435625054067
15.407857959381868
21.920890863037048
21.1633586670836
21.447105695931267
21.394411504446406
13.130888352432015
13.679528212861124
10.380613839518592
9.779107967056365
17.717408651781657
11.112613905520435
11.20526326618227
10.544419977704079
14.436846265878756
10.970572361637258
11.970285794949707
11.998402312396905
27.582425963288948
27.514909668483853
26.9940699672895
26.8580381340836
23.24592563924972
23.410698334485957
23.475780414328185
23.024343489611706
22.683923812392436
14.761938016233424
17.84578413928563
18.57447919000245
26.237001073660604
27.686421811324124
24.983738480770413
24.730375694401744
33.27945426885098
33.264064765482054
32.95925513122082
32.79121238257629
26.131676716920413
33.037281774699494
34.70147499605356
36.739845133924305
18.351162872625846
22.128459794729814
21.764568142931537
20.16214360728383
38.3080369069888
38.26084780091236
37.59558315973325
34.14953007801938
18.047811833041838
30.876331192141674
28.259063114021252
24.92687343180625
8.768472172600445
14.121223630094054
11.95838237040925
13.198780920884113
35.512039235827736
36.32732878921153
37.57159760803294
37.69702227912469
18.803514897179554
21.06671272189829
23.320060501236593
22.98301424644557
20.33600342694232
19.575603204274522
17.677512488114893
22.1401317121134
26.971038116997555
27.251552797841704
27.737120567166752
27.28473139367756
30.95366670372681
28.655333391274414
27.094217023479377
29.17229503381798
24.05651329264367
21.00560298484727
22.11415389115757
20.74675286944428
14.73286277270897
13.550960065976165
13.632050044945025
13.356140023415564
14.6994436301578
15.696623023840614
14.175311335877803
14.187427487343438
16.65977374002108
18.849952464909165
6.623334121175457
5.089031945717656
3.500240891049932
3.3790792052830185
3.867493897785391
4.146574683566025
8.947434014653723
14.022826859474828
14.833342797956176
14.212424672191155
20.85849876747888
24.148066446562012
25.020922887400364
22.231908532567648
17.242073391012877
16.132384939209455
21.056896896160506
20.366304645643265
22.967677260299823
12.342700468654728
18.281487263199626
17.94842052045357
23.887387592813997
25.523510536515616
24.965275323615643
24.319157202256786
14.581273093736906
16.546746270918323
16.42854569020337
15.952864582946003
18.802030719283
19.50656251755274
19.27489160302022
21.077992193548585
35.78934260243098
35.8012925694473
34.89990397344915
36.20724970452047
20.71428210875438
25.589206882066076
25.45166183343587
26.389218332258995
22.661039965574847
21.64806963066105
21.269740008290423
21.099447378258187
24.468904203284946
21.636826356075364
21.914268258738144
22.25782383003606
24.150845493266637
25.009517556992932
23.552541944783133
23.00451135896806
27.835000299009966
32.568486100491924
32.304586833514726
31.869841893806523
31.340403180266893
33.597375510906566
34.02187940886885
35.31962245553841
26.178025271349807
26.345645591213305
26.622328504849303
25.684587206475015
8.398070208065135
9.393737763639923
9.704705705281711
9.904425361618944
35.80957308855404
34.288269346057284
36.303997762916545
36.98203485139699
26.275472928730167
28.312230928540945
29.75769094649055
29.467274806630442
17.072206563316968
17.466810174680784
16.870943436626312
17.270237900134997
22.953930284042325
24.124861384274976
23.30686874773642
23.026591964519454
15.524588855869805
14.185428065254616
11.145851762041683
11.969857317400669
15.68217524654076
33.860113281451525
21.395911887571796
19.480989568383283
19.565124093786903
16.213184615385554
17.20244751269632
17.86390743832409
28.023251639967118
35.4716277707224
22.823730451649055
22.359221618474034
26.517751248782325
26.61764326639955
26.37763633492572
26.410074667081687
13.778777434521231
12.678699832833955
10.744694506244057
16.312674784233938
16.777890566482053
19.186170006019864
18.654207858079943
19.103083936842904
35.837712060954075
37.0021997848071
35.62237324098722
35.845695940835704
20.625016636121305
17.987410170070017
16.687160227619824
15.695974262702311
27.392547487398865
30.048095657989652
30.393360596993716
29.224827684817814
16.82338880868555
8.289015008396458
9.447443108322025
10.098375435791281
22.540978461082855
23.701046594894628
29.894467585829656
30.478438590866887
21.424372891986337
23.167126763263088
22.14247194273401
21.154576909720973
16.638804577207345
16.524890819515836
23.730402755260457
18.227821325034423
29.98198506149164
31.8314289291503
32.93202052508494
31.820989297796828
24.876219251549784
21.955766505196344
23.41872931462536
20.802049307782127
28.31012709274141
28.185670860550477
28.84231318926127
29.36513716977858
5.761274561209439
5.477224081250414
4.43159353984696
4.128407174638295
18.161884937269818
16.765209298855954
17.962343866288837
18.238299729080286
12.283887065638522
15.624947145449767
14.279623471225863
18.834290397717506
23.59744108458948
27.4260467948015
26.582524869631666
27.288178374299147
25.55648557087954
26.24046725582634
25.607667528586497
25.353634191426927
16.206259513442294
15.509187101047562
19.848831562260376
23.37251433800586
14.467859205889777
22.253323333624472
24.07499573602655
23.57837346234529
27.88275481053708
23.48012595922014
22.78821270396213
29.550889614344843
30.458664069698802
21.04052502419542
15.7903788385943
17.017521749953005
19.655864205926573
20.768111635662446
21.806788231966625
21.93262284688195
9.491889316074959
7.745972220901977
5.8855944337873405
7.3457942575911
38.26654850018761
7.250500778303183
23.526370515078018
27.029284045013757
12.731187543530343
16.773691757842606
14.952348873543412
11.172388734553437
24.690166568040095
16.9141021965593
15.615785911028139
18.082075586318325
17.74590170495816
20.668013778943738
21.029024531336052
21.26737676841244
21.440608650079206
23.104374288920923
22.272103142920233
20.70680443540818
27.0302159683408
24.284663209729192
23.75290262886776
24.33369439280511
31.301410800854523
28.585057096678
30.076293103471
26.781271321596506
22.84560501341537
18.8246519209856
19.0383590775463
16.417491815501137
24.217708239669953
25.399139643624693
26.832619454722973
24.823184423329103
18.893122154740023
18.32061116280956
18.425482456676175
18.816196738759384
16.399595617820772
17.067735334937442
16.386421928261544
19.675761682119226
18.08071288014644
15.721808693084762
16.639309511373707
17.299107336013314
26.402201342552214
24.600690524189247
25.347184937461112
24.626732497388083
17.71352262110836
20.046777874787736
22.302297654491113
22.086513047452268
20.382317755416803
21.319104493308323
21.470170389129958
19.311606724438683
17.1892444131157
22.294960541819968
22.39684474212681
22.374238802256478
24.419236400459834
22.869561493614047
22.714911724783885
21.899249912951102
32.14016075833049
31.026421737938467
32.01955747316571
32.08690697854288
23.466446891260432
23.767755496326462
21.89234738984276
23.008186973540443
15.541659323166092
16.11485986293797
11.694619880051482
10.065572628431287
6.4707959797008465
4.02561253477707
6.029024178168583
4.701878389740253
12.0741219507511
14.339402625378755
12.438960568654961
13.137035722075769
10.589570678624051
11.761489562110844
11.532293488564802
10.775299063912854
4.479670379148446
5.408879498002363
7.110359107136138
6.9399215897661
19.985697555561746
15.10891301313567
20.045017660664353
16.72344744445806
16.002537934091528
19.5945709281156
18.554994314452962
17.59022065707563
35.66706573413216
36.4201504362702
35.45193659109796
34.57356842268797
24.552586724070824
20.939197434888275
23.0298820660498
22.9686659260356
23.833306202768828
19.79365986205299
23.280847334993606
22.720912542321027
26.069180962978262
24.387494691003308
26.23322414510497
23.654252350428713
22.61297062835425
24.05548969307628
23.39516174568207
25.352239561240268
41.650245453066546
41.282944536171506
41.089976725474045
41.26161536693158
28.750222658638872
29.799345757175246
30.74111012157794
30.413588744049516
18.911324292937827
21.094474726781367
21.22513862247226
21.287129315773036
22.951943511474802
24.171105506860876
27.064874891065898
24.06839227147689
20.799665973940463
17.343093549123672
17.43297695321352
17.686665987216205
30.317423795424762
28.10871124112682
29.688811000570738
32.35342958340865
18.516031781000546
23.33911885950675
12.882485489069401
18.610251667444082
20.343633380851454
22.190964292941846
24.51718988127178
24.482245969267673
17.96040392125606
12.911879137854713
15.900627354454034
15.963619097723344
22.044227383291545
19.51099756944931
20.857157361501514
24.090906889029654
25.95737609678557
33.57643649002866
32.49308004249174
33.991316144218985
27.594512106857206
25.65804702207828
25.30488849488681
24.47649730114614
12.32688297505192
7.941191002385509
10.956560031814336
26.09279165714623
20.621586304495654
19.672604422774327
18.530793606803922
19.54098935402823
33.30333417860046
26.07035559378458
25.89749552633558
26.5820445562141
19.22946114764266
27.18548855468775
23.504650914548296
28.88140780685726
18.052152403388426
15.123656322804575
14.604522951393777
16.585889398896484
23.268140744860453
25.51551290327857
25.820804332487345
25.49218792260645
22.977029017911153
22.908061422253567
21.643197826683412
22.76510024378952
28.403119820365507
27.856067850490387
29.533678949420228
25.811921805287117
26.340763388621376
26.733359216476465
25.408122807378273
25.932217855135036
11.942012488715791
12.641348931449707
11.827108060226072
11.397227040690504
28.970084042198472
27.622790192480835
28.085290886305458
27.632383801176413
26.0437706374922
23.703866915715665
24.26620995011753
24.323129877128665
28.120274342515554
31.699204571309895
29.865566104752524
30.21552758335283
