18.4960777532008
16.71193779037163
23.681918017005888
23.66218797627741
23.317804877265978
22.943297305485835
17.963380757931326
20.5941181643016
23.06553531664704
23.310854723691474
24.811085059152877
24.43965204391072
22.259561035371515
22.21112280371357
27.07663019587873
29.32195096133863
26.84590826030433
25.593130494003482
18.97608237028358
28.714481439119453
22.33922282630708
28.071941905007083
24.672494516650733
22.87846857915755
20.62292010517139
21.264303912222783
21.72124527269222
18.9445597223602
19.898640207583405
19.92979277104898
25.955183190119364
29.231888364292644
28.414449229803385
29.187095448843216
30.61912678677455
30.194413147228236
31.09911354289607
30.988100494466668
25.82252736975861
23.582597406048887
22.225590100485576
29.433921757845404
7.6272746144911645
4.990855302692821
10.92459771735026
9.119986573428179
11.976241814027563
14.104665256898896
11.91141061267157
14.493810225425381
6.153330782460566
6.494404947038528
8.282941047333706
7.22299166809131
9.575358994223409
28.354670656907185
26.037368145958407
31.27061754345876
19.479879379567837
29.399001235965102
28.900915645142415
25.0980254221181
23.04211229180885
21.978846001922324
15.016067290466886
24.05417342429818
10.399576877943257
11.419431007473408
29.753818135896648
13.359482673093837
13.810159244750915
18.383740686222644
21.087781520757908
19.574290012197746
25.491798673676172
25.34900478934056
24.26728641481443
24.263685880231957
13.73665973250008
22.12116023694542
29.29401360777327
23.110440118713207
19.267467998080665
18.3578896251793
20.731085141972905
20.108645346326902
20.517138436582158
31.243745394114132
28.42209626506544
28.000611879684232
26.035460588275946
26.486858418170158
26.561293795806826
24.967996839596772
12.585542136697656
16.31464628430151
15.612905275205721
21.186267988076406
14.154685983826013
15.058995551335533
13.864725071684482
14.603165292892648
30.221600979825052
20.298585860665675
31.4681028776543
28.998871520950622
27.50815504917096
38.88956680840433
38.50178427746738
39.49562843586031
23.262635415080172
20.622478603993994
22.925865079258994
23.135628846227853
16.775375815727298
25.560877517020383
21.59242531593406
26.696636804743164
27.957275770366216
22.83214066661571
17.336557671987855
19.350914254329545
15.359707232329185
26.542387305925853
20.1094807540828
18.167939415235132
14.013551128892999
14.561140692680988
14.573864757865774
14.216088048110212
6.570205609855767
9.893743823128101
6.963468700050769
8.719388628268968
8.955198784780913
9.55328428191438
8.864025682983815
8.318368779388141
13.47471872484169
12.489134223074533
13.185317029521034
13.947286130514664
17.531122602076184
16.26603431644555
10.184007497000037
13.789544094255735
22.80260653934169
22.004208273181934
24.13807744150623
22.940958461527032
37.76836929660942
39.97507703187562
42.24593679076324
39.834799815944905
26.083536399442394
24.68863435751965
23.35646416606699
22.26501862531643
11.945796483842132
11.2017378984425
11.374641605377477
12.436664968501715
14.064701128751738
13.125779210550832
31.73341729019421
25.05859330219439
7.424069444356239
9.88370176372124
15.941903629642207
14.672424667043641
23.939137816075036
12.766725072416472
11.815168203451044
7.375725812603837
19.062299437239496
16.153304223386396
24.341939825601905
8.038746819801073
24.485725444141963
6.759766895794511
9.17006502175362
7.543558925153477
8.220336643720412
14.203728846925065
30.39949127861491
22.939784724841086
22.539375777649013
23.16374024731315
24.58323824332007
23.67551829158043
24.676305593748033
24.14657535310504
27.623972926810143
28.968763800950576
40.484053856614985
41.11361795096217
40.032123052392514
41.16101479639168
27.456261716562196
24.678331550461657
20.901650273991134
21.22801680252851
18.36612080505062
16.42381249353672
13.933937649267559
19.044443776144483
30.017198894340893
25.43591222413575
24.45066314288836
27.590943344322774
5.235889927112282
8.106977371015406
9.278963464100311
8.454727841597085
22.321743463765635
6.958759657327436
32.31288445974696
4.838203678092704
5.05353690528818
6.327277956734242
9.60864391623646
9.959050178219844
7.852483161017321
7.737317097503974
7.850965791696681
6.407055072614843
8.55515360882751
15.168764471154587
27.95504139204675
24.604392266079493
29.185559530173414
15.489200358888764
31.482370563548017
16.296516612015573
28.535068814440308
21.094195935601363
20.515602398861265
19.453699236134625
6.797832579314686
8.90898526922231
10.133779030414267
11.751511004451512
11.872652162155484
24.079082535070306
24.205506864310046
17.50769905936634
4.340043630084665
15.657670520322469
12.42793650142345
18.520725572295213
3.5236090006911183
24.635454554710723
26.129291542386387
32.19943598982637
17.468688241959644
20.22272641520414
20.423865676106708
19.741641439468808
17.532260720638202
18.982632246815857
19.34231737850931
20.302286051703234
23.389919497488584
23.65594069718911
20.290869090268437
20.732112334098566
26.476457753174202
25.686826031999196
26.58387790954941
27.250021803404888
28.503876050242518
21.792427121446313
21.562792869192972
21.119130953756674
26.425713762615423
19.115931122823373
19.052959832086152
20.38558085240006
11.289299595217575
20.43459947439026
22.409856164870796
20.504178636188975
31.252653415258706
27.782123000129353
28.57128558782168
28.391493268914303
23.36599830611212
25.767104815244107
26.387630424656493
27.50853639797578
23.526782085845767
24.398973269555597
20.381429525488425
20.582566001684594
11.498098257992092
13.657468631766996
29.054587002109177
33.01667195747564
20.90481728861193
8.7567878691767
9.020395252527033
9.047895865263069
10.166303916213126
8.852395248000347
7.15296239835813
9.329687906589474
19.670146451657338
26.30209243081293
19.541395119673805
21.472121503385228
24.772341194511817
27.507858214834403
28.12179976177558
28.335268067727814
22.49018744830092
33.40114253266398
32.88022200446572
25.00357523901554
20.00955929131878
18.025743372702504
17.58760463937425
17.568934953472365
14.269746538097229
7.102228676982347
8.136741322561356
9.311980838464024
8.908139921652502
10.478808905322593
11.238388078026336
9.847887040496786
23.248191992193732
31.141534198052437
16.782323313994713
24.94290666709701
17.69756038369207
16.433541936089277
16.047400658784202
16.211842686188074
20.796451849489053
22.298467853839504
21.17288856861215
20.222375570651177
29.548828145210482
31.11800258506181
29.65540927022636
29.159807465338048
19.024494400099435
18.96815257184262
18.63623841544578
18.63766367493866
14.7342052168424
15.484419474467542
15.03506731549599
16.200916897232602
30.878372145904844
29.424156438338432
24.816736761100373
23.650162240891838
19.313817600184755
23.230049338464607
15.469914753912208
20.478666694932244
27.786464106079602
10.871647192673883
13.792406221679494
13.420789931646839
23.44545082097175
19.003128487347322
18.149537717840186
18.04757314472601
26.233758322829292
27.57840103134791
27.05466021292788
27.09009835069669
18.408614098356
20.213685054649822
20.258210096279793
20.95157647716877
21.656365196058747
30.783894687231477
29.664653770210492
28.984031543265626
12.391170860885374
13.116907165995562
15.148937534941888
16.77093341517341
31.500899929592872
29.529346466562178
31.051572545560408
30.61013368562153
8.57180312094351
15.636433386108166
19.32799961014457
13.00909774552366
19.213861156639844
21.531241844643578
18.353267157035354
17.51115969780018
24.26228347604397
23.4010492306073
23.33141193895595
23.748877948989723
6.612042810522231
7.9187831239251105
8.788407928792731
8.147366256001352
15.956972519529034
19.01490889897453
12.134422923268282
15.147482836886711
10.101716465282848
18.43225245323485
18.054755086099934
16.317533743372906
15.763151375782536
22.67176139507822
13.64803874085198
11.496741836239941
24.1571754161779
24.04642874875008
25.297444549139573
25.407472908367627
17.507708404500256
22.73661894131674
25.703997072169326
28.34621005965434
35.01838298777373
29.43217393614858
27.996119003123916
28.23022456064013
21.011585270379758
19.402083691405483
20.82591198692608
18.27284423510373
28.276151858042496
37.58028876873078
38.403097582265424
37.912321603918066
9.525071224085611
11.669621767329252
9.149530679036573
10.356773256367038
9.792307552197395
14.164489032822324
21.562169581683563
23.1367244755303
14.337430301222486
17.826581487768678
17.350527843328692
16.29861945080447
15.574846856700606
15.670659324210764
27.9664527734167
15.022472600265782
19.18288530850607
29.91427860140579
16.680878180649856
17.321532022553797
29.494843290143834
39.98445386961735
17.130870588243962
19.32496363940594
7.803868613777753
7.909511669098085
7.936146068150388
8.112826326428548
8.860685199050552
20.073381261912427
23.5541059923148
24.836014687968277
16.915066690052733
21.216275166710624
17.680126612251858
20.332788583320898
14.674342087002671
4.575479527334605
22.620753554745644
9.14553512817001
13.772771404848113
28.399028531762703
31.113616354676545
23.62744884553184
24.84071609736659
19.234854558980214
18.309466563585747
15.823678998421007
11.871124780719548
24.697136315728606
27.25430658041363
24.461646855783318
26.82128025566382
30.81097666387117
32.72737481118412
32.44647028586001
23.118650871133028
26.357465678716284
27.822684308056683
28.682142871357087
27.034532772086905
18.44421182969786
21.767500305384388
21.48779035099014
24.07767128369071
21.356144789542107
20.855129573680312
20.026973378776955
24.35777752205316
17.707741791344198
25.498315933582514
19.87451162392556
16.798943479295218
20.961833838779267
24.047847097771687
20.19381053625641
24.453027882450613
19.36151725473471
19.422568310710727
19.368715380972947
25.342608006608938
23.432659159290832
22.913866214148506
24.57990584268918
28.025268915331193
29.99354096759666
28.219681331290502
29.23898921514083
8.64927550997479
3.788319499908711
15.089679805519879
15.688100849341302
28.201011619531176
31.10850893344488
16.28180546603205
18.684664757767948
16.830499541187468
12.34336393485573
15.678824462656733
16.768598264801923
29.265748990894696
28.279796517751898
24.75235410742572
17.106027912173904
13.771638440439464
5.561703219911839
9.337830939630885
7.504572381489228
5.364820230209122
10.390689909029243
11.10224484602266
12.027728193708729
13.505378830465546
36.22710421388174
22.7115472792003
22.20009410616887
8.671618317472332
19.819827585406276
16.398256521585253
17.61120272979933
16.679108711251917
11.901639803413824
13.26548638258417
12.922115414450156
29.655551888613896
25.861346963572988
26.311228425020868
26.20109367250106
24.638998739212585
13.411260651619664
9.466459145304691
9.335888719248128
18.726752465537267
23.55046333309342
24.288275667082598
20.044100866406755
24.66884053451392
25.345104434606
24.38203364762329
24.985474143112896
25.472245034453568
23.454700624864113
23.844189932357782
23.09694528265211
16.29455388008994
33.27958676879738
24.441222188516242
23.25168625792173
19.521602833083605
14.33624552606288
15.502900089607047
16.50446765460794
19.940488597805146
23.04324877775703
24.278460667509254
24.64784941618563
13.71302293411133
15.618700255196929
15.797994398283794
16.200875765411542
3.3679803482458084
4.613438844537705
4.761121320234125
6.132043215177897
36.85161239841289
22.91276222428805
31.50946238770854
26.856273235428596
9.807362773891837
29.262540934335817
31.27218758959049
30.720209065448362
25.72849394229939
24.661355134463403
25.71737789010653
24.309244229978166
4.002091500991161
5.434413895809237
4.991461910606499
4.754177983845481
9.752206320088783
19.8684748321571
12.136911562685789
16.359667657478372
16.998033405950977
18.23597452632301
27.65292861768812
27.145723995114245
26.485516257148785
30.422822385067764
24.61610788144284
25.686464821392622
29.460653440026398
27.153065967391385
27.918754617311482
24.984537669877312
16.592670918570295
22.490195417995732
25.633078265921927
29.73247371494923
28.939504698750913
31.493735358483733
29.715638935137914
29.0136362432663
27.65803988092444
21.68625390491005
22.55765971461508
21.34304257720761
26.98134077970112
10.851110207546132
9.287536344351487
11.609893966581748
23.43127772722907
22.826039191745423
23.07096412369968
23.588646291822755
20.629813252959604
22.449247500073916
26.602446058969733
30.316411563945245
23.079098133843075
23.793563436599506
23.37887767972243
22.512067092933226
27.648752448938115
24.9010808442844
26.727776507435276
21.791058720328607
26.360389936254016
24.385497834532742
23.246440311512732
22.49530749499403
21.38272662315261
17.363920375060975
18.15491244197969
21.029345983731854
30.226691495572467
28.350309148637866
25.219610061339658
24.37913348804623
22.97779265353331
22.538877907503966
22.400343482789616
21.580448094104312
6.58955618280616
7.927884598303408
3.7565706543330375
8.083794368720394
12.260419198695187
16.399269717183664
19.97703169828418
19.540171196031277
9.989886784770842
10.414161806797262
19.857149573250403
21.005248172877558
18.77593183893851
10.940563620585612
15.925728741942228
13.422357357184735
34.346309274115555
31.19551879235978
31.40370279238993
27.16105635624426
24.22657927709133
21.457634167169587
20.096257623162206
19.840586796465548
23.191598638667998
24.238967879515634
26.000487306489287
25.380385190889616
21.99169573322147
25.85734967526006
21.773911125338703
23.438805460446954
13.006572111378128
17.000988387348453
15.827172287491125
23.67866739850345
21.038719132338876
18.58607163553013
19.505490156514078
19.92743430892798
25.951681513277993
17.4777084335661
17.216018414798263
18.685594996105966
12.788436892223624
8.99340473023442
14.679226673746617
19.77766572357583
7.385052196057385
7.040264523975314
7.601955949062103
9.457640666395681
11.131445531550932
12.352409747241422
10.713144064065082
11.264682761217907
12.147104290518094
15.026824763351495
24.18569753245958
23.65126161493417
18.922592296305535
24.919815093030543
23.73467496628778
22.962534764383967
21.598297494013785
19.46560162438768
18.815706801892325
19.02571765132434
17.36326276454122
10.811194933004268
14.615092760983673
9.996813727759683
14.24419980646147
22.105813045216383
19.118204400312298
18.65588931691677
31.808530846832312
29.3942866299967
32.916112975306206
35.38380805467073
24.072161641753823
26.988155851622025
24.452753884608068
22.689337198601514
33.269785939009054
23.761577757843067
23.101755991089757
23.411756144231223
8.318637065528893
9.292167600721555
21.084582549358526
11.681633921053384
7.988615541471195
8.620971944053768
8.622877240022413
10.719524795115126
13.965562757121832
13.657824649825848
13.620570860856649
14.596854348228188
21.483851052515572
20.789560568922326
15.805648958607897
16.87263896822689
27.558700447129894
21.901256625782775
14.982707662208686
18.86803568985468
23.132343538103324
23.593467444006766
25.0973057516889
23.48226654874032
10.204730284498797
24.30657447583658
24.807586532509628
25.045436880811934
23.81686784484973
22.799918011500875
23.135489113334426
23.19408024492701
27.569386306310918
28.988259818549157
29.550469718542065
29.185858796083966
13.456721298526555
11.21346951252857
17.228311959028435
15.691395981603494
23.541139552673044
18.013993172709103
17.865041727020166
14.035088215956895
27.391449768113368
24.773593961745227
25.851210182633153
25.720111703977484
18.774936266763653
19.55575720623333
21.527467266944452
21.336976141333324
7.949551233180985
5.848187906164364
8.54203194933264
7.370009133385143
31.54909296102612
15.290620108326682
11.48369908693058
28.215832638740373
19.751190038915876
13.163587967761641
15.167783890270002
10.092195721237696
12.485409745219313
10.083988837503734
25.851339088055152
24.201281481025607
22.51685908120775
23.912486679375338
24.24818384790748
23.630645581001275
8.508671636192672
10.64118715209372
7.976754174890766
9.312027366749804
27.754053527669782
21.47796051766699
20.4015441410689
21.4255122771589
21.34447129089098
22.757612403779657
21.05753524712636
21.79017800409192
22.069118075873103
25.471388157300304
25.725307295593087
22.610478212339867
16.536591493846508
36.296288243761346
34.074172276325896
32.98771715085089
23.21643406999769
11.145330406328622
15.171042058849011
13.636193663615204
13.5695453256892
11.389592328996033
11.629305809471646
19.698729000164015
20.87390889927221
18.06208511086783
10.306305335596967
12.737904965297098
19.399259010286954
12.930886596027653
13.047499143622007
5.4609629670077995
16.154223199041507
6.304869228827508
8.186423858218243
8.524071272899311
21.248452885383212
20.48415090037732
18.275862738852958
21.134922461508612
30.62937782759547
30.093185400655987
32.98737942911299
30.12051954274474
35.20597068673407
21.384309416667413
19.579626129158882
20.422281777374025
25.0868005850384
23.955229609757314
24.673979188305985
25.359047916362737
24.976136469931923
21.33809059279192
22.64354530447232
15.258025852334432
13.722228104405538
12.930021560158439
16.953278592892154
16.219405024124782
10.444812394461568
20.045856902928232
21.775348357654366
30.436027476860872
31.948906718202338
28.3538495352449
22.322525885182742
21.953028358148455
24.00508023605439
27.906295770300044
25.286988460214943
27.751243048115967
16.343325292232876
18.609011868022296
10.733539228601746
10.728464634592658
17.801191518014427
14.15139341503409
10.411086668349915
8.362272407901237
17.871194349453074
27.454794797974973
13.278987598515135
13.961473595250997
13.02032363674735
23.955604893032433
27.908945655505992
31.355412824523142
28.055786028264937
26.099992333172338
27.068592245872413
28.41463665592094
23.371091635776807
23.40608473850778
23.620241009975352
22.13093307926779
9.707782596292027
19.10610919295802
11.545693486875567
12.385988530031971
6.047325247425383
7.604244104285225
6.871104215384803
6.4725132523676745
10.338191507686329
8.103226147740674
8.180859072279977
8.512321783345508
9.986818574857901
9.1146984436398
8.773743519157764
8.291904049988945
23.88311056797356
34.24159142238951
34.45041203172075
33.44929772308654
22.752863166261843
28.44872786539767
28.101219809399428
26.845713917657427
16.27683410130942
16.69563135417841
14.416398004392764
15.227455461513708
11.33495405734152
10.037393262383311
7.809749856860606
7.845926623721297
12.594366177612601
18.909853998830616
25.73707670139379
27.326752388336853
14.70480474261299
14.011815436956518
20.610979421861867
10.389156497596003
28.332682233851322
25.451961428469012
30.878578850230898
29.79846102099528
28.39535595305705
29.09896107320226
21.019188628919537
22.599351726232594
29.603746762332868
12.191660988946188
10.618886992698167
14.883496768044063
24.88604858934616
13.020466787780734
24.824941820268407
27.09538194410917
19.439225558365678
22.90820665167963
19.73478511663665
16.393471657329407
16.429754374819673
18.513155260915884
14.873524847576054
21.767718353118028
22.605943397576688
20.58463852597287
22.091555166045705
22.50269831241039
14.673123819816318
17.3101367181509
19.96051054671046
15.198727203289453
29.732261510204985
29.062222511712346
27.1844404720302
27.650007853250827
18.876891925497425
36.156721403070755
33.24211275662214
21.988970361510656
22.260056429090987
16.962370666101364
18.200137597899772
17.17660204513145
10.176944284635967
8.283079926385684
8.903382028541266
8.34325504856044
17.254978271427188
10.6296193045116
17.537175107156763
17.300970370043892
22.08165574189358
14.784616280050676
24.594014668487887
26.342906054510358
29.811752190882014
21.63764014455186
24.695804167844393
23.794558257910946
12.920954564116514
25.83006946170174
22.603829895531373
23.734015982354812
18.255804645388864
19.645295036973945
18.61530810644684
18.319891520100796
27.757980989320874
23.415164977805766
23.91037313882852
21.957232315521384
16.37295333637482
11.327867388954925
16.014733909973142
21.500317430706414
15.612639933025582
8.568586549154643
12.300575701688777
6.905180605239083
25.15390862352458
24.490119402932443
21.200442639140924
22.18716710332976
10.31622406139277
10.553734811940554
14.314037945526948
14.278784255803396
10.515318249017914
13.055488265018303
13.103602289561826
15.54756912248815
33.97710918932448
20.61367238992291
20.390478630854233
22.914343614920725
22.646016923029425
23.388894000168655
23.73449620000245
23.439118312913006
33.50527806962446
34.92649352929666
36.44636679830072
36.58946277435959
32.7768800837223
26.81479236430547
27.179741578391805
27.14779734872408
30.068612254383538
30.480161657509846
33.00709041163781
24.196741848779723
30.879825482938514
24.086277800075955
23.84527831161981
24.446445605957592
27.65666260454978
28.028656631148056
27.56006085410872
29.00438418466886
29.3462591858151
29.208283107255458
28.20132215304915
28.75376864106788
16.546175523062185
17.634508852869285
18.498612869877746
19.166422928299262
23.65869286206639
9.410002538682608
13.9778503671307
14.205912991247953
4.348850520752102
5.2310756990406855
6.655389157060073
4.8324616728960565
14.82476857407066
19.097493815993925
7.9728345699271195
7.991595192363801
11.158474109180895
16.115443611680973
19.780888718111655
19.378418012049238
33.308827036824155
29.13723025610518
29.99827341012582
31.009579218259777
19.587735970907474
24.078812337093005
22.44184550153821
21.760929472412986
16.894328419735352
17.74715767428608
16.9701018092564
17.447055627601625
11.168993501399596
23.550895029426336
26.526585913630196
23.843632940464648
23.594891932962213
22.210432250462006
21.92233994066499
25.206997440074026
29.846365395656626
32.969686042750176
17.047072906660002
33.57540222568564
28.589913055643496
28.73339969733847
28.06701827675569
26.647477038023162
20.607904636702393
22.929938181490414
18.773623790559167
21.558267322534075
13.645911981804748
13.569377621135166
13.232559087745184
15.219118004446807
33.201693101818954
38.12015324326554
31.750673868776037
37.73205892640618
18.325752704236137
13.2976641400663
17.808358630899136
14.196375927309044
20.828487846299534
18.777607809349664
21.784689305701082
20.41778082092848
13.729647913451542
16.400535009386985
26.66124640185614
20.777962743305878
7.268732909051375
14.073990087926806
13.79483257701104
12.67021510363873
31.020526691757503
30.90098963335631
38.74479897638295
33.54659149571284
27.382963192116087
37.62480560540065
35.42175130360004
34.77677266268799
28.58122877126494
21.968697977328077
23.099913319088735
23.440269325137283
22.349611805374067
21.181421958914527
22.386712984338665
21.89065948213998
30.279736388750393
28.3940773951972
28.430485793464584
27.487060785464283
23.923179332562828
23.383125074213126
22.94305474080878
23.76797333834291
7.924456997162417
7.762533007813858
4.42052824472091
8.727159190717977
26.10654013833085
22.456809164219404
14.064243308811179
20.476865749463908
11.076970569250454
7.224510652058501
7.5679658204076095
9.092612627803659
24.383890360976462
19.5320200662745
16.10718708499097
16.797288312405136
19.44225545613808
18.403875821687457
17.955950665318284
19.00203864573387
22.080267131986016
10.474088164711969
20.176573718664116
25.812067207082936
29.04324763248881
28.312306582292027
24.37903115290558
20.726214954239797
19.73344939128211
18.38823472845475
18.338398497294726
20.695467251246548
23.50370570895944
8.485500492759888
26.893077916246813
29.245062468096176
26.531948939628816
19.988643653852662
13.685314600648194
15.30484752875225
29.407811781980875
24.563699258890452
23.422110659296354
8.61355675006017
22.79703768068494
32.742449565869705
23.626801801947728
21.070955784757427
28.629388343429877
25.218572199938656
26.984288346293187
27.96078031160981
20.499021449264323
23.25765185523767
19.89021325746575
20.370906025519627
24.50957729603087
30.001661628522836
24.340132628612448
24.658577086304316
7.2915928682121285
4.009432613558389
7.755699813978461
8.733610457142566
12.717046864085166
19.428093439819207
21.59301612249421
17.795345762905203
22.659969636414626
29.51300805962914
20.31696937131703
21.990512836696208
22.797139451284366
22.538242052087288
24.519207140538168
24.842853096708854
28.28006401438787
22.991022368998877
21.908405916027203
24.23180282579869
8.612933415741068
22.85947046051139
25.834808383562592
25.569442450251437
20.78862593118208
15.723134896099145
23.706172377273848
21.130095306340248
19.06167461026414
20.21205442401932
20.626968239780297
20.82822165506126
28.93888687926207
20.45465833204112
27.151821578231374
26.649141197576625
13.115212299688903
12.679106063385701
12.157399105707773
12.523203070061308
22.422718804001036
27.734438636269818
24.323925641177915
24.424241036415484
23.64823360186161
19.417345704322415
18.633494996014015
19.454831231840867
22.802106527062076
29.16022537893816
26.711653592576113
24.868307373006402
30.8449075842314
22.807905568666204
23.92327844510554
23.657666514680464
17.55043401942271
15.659997425211227
20.49500054331929
21.024828103440935
30.35235346089516
37.42785521915482
35.256892895729756
34.85111255335516
18.691936975565266
16.032181542276074
17.032272174503426
20.14732095660635
28.099826747765942
40.11698452109283
25.088579420660594
23.750309897977743
14.93803048169437
11.435039555798067
11.916966619093719
11.632752974061523
17.19157129176693
15.85002681112289
12.566022451498897
14.666720561213799
25.868747172725705
22.826833721415134
21.505229283891307
23.058130244278033
23.815002466082788
19.72511542270446
18.722228970353484
19.2478204902485
28.514850934233586
18.79099271516279
18.345614172767075
18.78836737709613
14.79811000186703
26.352558853320023
25.947289504014737
26.31933491540853
25.77598685794365
32.77940524272096
27.972902368527436
28.810558249586155
24.313060512118142
21.3721094039649
16.404633019037643
18.55391214119099
9.258383525063056
8.07240245571702
9.245443207885966
9.85905789198016
14.440519945300304
7.205366306684446
12.823316048891398
13.967486795529338
7.130101776549026
20.16951802870996
18.749122602806104
11.7984454720734
20.88930283630323
15.919357584012163
24.497205964348144
24.29788328701741
20.6320992111408
26.371116478784945
28.058731855133747
26.478189094083746
22.982328687842468
21.82038277737627
17.341951289234217
22.982145558417496
13.207001875017609
12.115014277685075
11.616923003734161
11.686928329386054
13.631747625543507
13.213454218543415
13.694322404086032
16.289572572546422
25.341970417600137
18.347086533690035
20.919480332504175
17.958781328810243
33.05456576185049
41.714672783543065
43.353938259701124
42.76651454635239
26.391691133070122
25.06082377639287
18.93869410252644
18.339807762703497
24.05518905975266
21.899025679754942
21.492737255188196
21.866844261461154
24.09290968138722
23.109524810232966
22.166287112801854
22.293146924566134
15.862564079790763
22.085961533772068
23.874398054272334
19.62435038624021
17.23038802645447
19.125586568194052
25.905715786227415
10.722415817283688
8.405695410739618
8.535009724397128
8.987901624575832
7.90000431386642
5.495587274312365
8.55712121709602
5.306370726056577
6.591735961199929
10.831519850973976
19.476517614125513
19.605598617512566
20.488248068557816
10.698148391212806
26.556170241820897
27.29977100902553
27.207701371591764
29.942644579630215
26.892165396053084
27.440525108207456
28.379892676535334
13.913544928263043
21.87600296172209
27.83449991792427
25.04315403881419
10.957464223803559
23.890747593290016
7.702777152226114
32.95060666594399
27.919756595322806
34.864229247097164
11.308616416780515
10.816502108172077
20.594059972083112
22.11622649445873
19.01540489634747
22.114357044315206
16.78667639045814
20.86246420124481
19.280616107479403
18.74242569359351
20.741143116030955
23.373532299075983
24.35192842807826
21.643187842263725
23.86103016792791
24.71187281164316
25.12380956853293
25.02867569827031
13.631721675087523
18.314411588068275
21.84006756432738
21.7772840245005
15.334418054309168
17.836299809901575
24.05226436033661
21.68785731409593
17.400051030346336
11.1427730016203
27.24617832106114
6.479988361462538
19.88295198328655
19.145720508314298
18.977958701747912
20.690095742051376
25.262534360572403
12.359624966580585
12.208987799625339
24.549966860858763
25.71983510183009
26.164471980779677
