21.534476523141787
16.33881696998814
19.336784801323176
16.45592511722257
37.967520620103826
23.406160651680413
21.645187703426217
9.486314472193548
13.84378228367968
18.472253768232466
22.071046857246444
25.651129454163364
9.947183733488492
8.740608698942255
21.47483145451855
22.80880007913247
9.959018432105491
21.631875561954004
24.70829279346149
30.27633381547486
16.36023243852315
26.01797035025473
20.36654941951733
17.421840405513567
28.535265741183185
10.665502694849735
19.77932848997475
25.854578311975025
15.801301003455691
19.264379041387254
18.30156102516172
13.845138638403167
10.71614739105895
24.117838752746312
29.375738545804946
36.20430826954867
23.998016731408203
29.20793407333
16.8163607593587
21.69035907359682
27.09646689635209
15.286272107348552
24.25250789524421
22.936879372814307
13.333535628011566
27.31876168381368
30.01681961469218
10.93684579184403
17.902272151655378
10.993310728175013
20.107835001551713
13.199844253329214
25.657095961592002
16.791568475032534
15.676191888946503
8.698753263558439
34.265213109797635
12.656318189192042
29.93474701696096
19.168023146551494
21.176473838258254
12.903074823908938
14.751500270091524
32.13733264222642
13.141200528817905
17.081092024087177
22.518009431955644
10.714994270975243
24.565930791463003
21.420353372653782
26.57021830042064
24.82962526258433
24.09568135778408
23.63330550302608
38.24402032238625
9.708901473987218
22.17473719362898
26.448848771552903
25.722212429704978
14.444472772380237
20.69667897369392
11.961679024924326
31.652861212881856
26.82032549166192
28.57115430112274
21.93996927283295
29.93434728169957
22.792863312107063
23.16813897197489
8.008284611693076
20.044304532159167
23.796641199288082
11.793144079382762
27.84618184792446
33.07397463610213
19.993943990831838
10.974310340596324
25.98763815674313
24.5332346563413
26.1972151960481
17.968257988648293
15.724327792601045
35.086603204908656
17.59336208671611
24.25995232300714
24.724693993295844
28.818020846092708
23.395299915283832
12.58480142270278
12.706276420481771
32.53003553295092
19.644060145544174
20.480656130986183
24.338527631862775
13.805578262340893
17.171908082941826
25.515870062943815
15.636311499457145
27.057424341569057
12.45481080707709
9.789297191608387
8.881276959393588
29.612385454817645
26.749021950656914
14.312141467759393
20.873425354462206
19.513514540263603
6.190244947952487
7.630643145754482
43.54441140781685
20.859792073622287
20.54290701078186
14.244152183169973
14.268869680035337
32.45790139849751
10.147702085930522
9.714869360293005
21.234432639935065
14.578311697382636
13.28053150273113
25.769453764421286
13.949319714283368
14.2681020888143
20.771083074838746
13.099001660132073
14.851913348444004
23.07098758431087
16.765581082630987
39.5904422810218
11.623667379984296
22.900088429905857
25.18836722799653
12.099547355551502
18.794849677396698
22.62175504841194
33.730396078251964
22.3566634420463
17.162981190167553
10.008744252760968
19.31834212005938
28.536229069942497
18.294985718387267
34.86241943665834
12.098252807695605
34.50560402443959
23.81958818498641
17.81279920012128
15.007568183244054
23.801514473687337
10.410625588576274
22.132137952004392
26.72487941236785
18.678673890335286
21.779917890918785
18.63165965347085
32.046503660885875
19.641425915853635
27.241956874954646
12.167859852210409
31.357244171776276
23.12560555514954
27.599222657211204
22.955914918046776
20.51892372555834
10.282269868396302
7.048715246197104
15.192335131635089
23.77501489561855
23.898611361357556
24.117395836259806
21.424991490857135
20.00098185546691
13.28299561756548
26.084985574882747
29.493064021934618
32.68996724606633
18.010161310544955
27.418229743410794
16.930888719949955
14.440523623339196
29.767705219954397
20.843144149197364
34.31148283349693
25.17576171841504
9.396756090180814
16.697901638894088
20.122814666126054
16.213770292810096
13.907642237909773
25.175738624272412
15.159901307868855
12.942258753679859
16.85871865320641
6.509994700973401
17.39428239000582
31.603730933117532
15.451951698027264
30.84170592812965
34.28313284043514
26.520119650339225
41.00797870539135
16.311480974543386
29.04261758844513
9.620347649215761
23.728758157084837
31.41595119531427
23.73832382034082
26.231661671520932
16.420674840505253
16.562768476382264
21.1958401526199
33.32927310909797
16.73109244987171
25.46542078810894
35.65960625584898
30.804638739279092
12.702174804648218
17.824678049192563
29.845120053436677
21.332599829251272
13.747445403077062
7.368666274837409
25.502055239756753
28.890721012476664
26.07338719786893
25.135547109958555
19.554630007703455
17.963212702464837
29.90334707474992
22.80946486637542
19.119211529970872
32.17535683363206
15.261124053425247
23.663481864991805
10.150959076030832
9.948953182339977
35.242382343926565
27.956853709577263
13.18655305075445
12.867675416733915
21.395573502172414
17.32390582882322
13.644790252452621
17.761820775942635
17.07965793031971
23.68746751296985
29.13920377291722
20.88985606315154
25.310834121033622
34.85499803885727
8.594846172663852
23.017526311140177
31.505235759760204
20.347047904597407
15.27788828749578
31.141506380780882
22.53348930260026
20.87320359405393
27.537770188685183
26.080823234990486
14.140272202101293
25.449268428017934
12.278489362021004
27.117170213469215
23.906826748274035
28.99792055952752
11.99720161318687
26.63130161652214
30.401466368429208
10.422711059717049
20.547660893080188
22.94207497544097
30.44327984981855
20.98878082868001
24.82087809574867
5.123159144257431
16.225003701749536
21.071206089691156
15.589202542197595
19.17889304100194
4.99314354271662
22.2295469663523
11.858564804673716
20.92301773622072
24.17063319276821
16.45391692271983
24.60103135779317
29.694141937411114
19.827734104339026
19.899362013099285
9.459954016710759
22.44297077851522
15.418027157660285
41.33746564468839
26.981034593438622
26.303924761654436
28.128698760318844
24.66400930270107
24.274935627675386
12.210049635947135
16.73769065297582
19.366539461184686
30.83575164668269
35.150258791611144
38.43031052774575
25.446871579185277
25.958577709829758
25.921094537482393
17.846629119949387
9.609371449765131
24.241131096902194
16.849593008867682
11.390221255916591
8.58969442963857
13.933295466157265
19.972963149900856
19.66837250830241
25.908629927096033
33.852834836961655
24.668498448607583
18.414005028708235
25.59329233544818
23.926996439547317
14.749554095565076
11.722470761862326
20.08845922811486
14.469514095341461
25.072542163227162
13.727802528025315
31.85031018860469
21.91742980606349
28.404924987021353
17.978559762611024
19.960844549202548
14.753776725558222
29.10079386970123
21.595249443102894
28.79571706775848
29.701261430784633
17.123526231121776
16.77028258945281
29.9525775052173
28.547322232393686
17.52722159924128
13.092171242242914
38.52537931974759
22.418959090745712
14.748266830619341
29.33339554385082
38.22277847271427
11.173791383182284
18.24562416479444
21.230479333368546
14.271660270214944
22.794784086819632
14.710182316063344
14.619488124232143
22.217108378496913
15.07797258119113
22.87446854619395
28.390194504168747
30.74849998345565
15.242515033380279
16.848540400269872
32.53228793576499
8.210737402929867
27.09052091021232
21.190450090868794
28.069229271290528
16.07331350390857
14.54525291823765
5.964787220203492
21.846861460344076
19.175364507070526
17.222810701620208
19.346796165339114
23.34203257506649
22.89483906302155
20.848876989973505
32.959820948247426
32.23921466638493
20.839404686191497
18.609463295678527
30.914046055483368
22.488976929932768
17.37610987393291
14.516055703633521
17.82087682454068
25.018765529408384
19.803223630266103
24.248518656283373
10.117256026315728
19.93403940652098
11.561683024266074
30.376269339564494
14.849986584642792
20.24823797771035
19.798533478041595
23.297797387399257
17.960384763678817
7.801057686764017
6.983373864440698
21.356053836674874
30.431807576094247
23.780760638307633
33.167212980058245
22.593820628887997
14.07885650062913
12.720269913372375
9.32685261012323
33.098277454457694
11.147218887300253
17.080931243220242
16.8643470272874
17.84825261099812
26.049732963606335
13.81700107727687
10.157473030622855
27.60998283014217
13.703408711813898
18.116357891505434
24.713971444860967
40.730748844516235
22.399114059814057
29.70648899041396
19.4939179467363
9.028880079264283
17.59527529381737
15.481478027774022
30.503881120022612
21.578832705378094
33.497528960478064
29.430843130722376
19.598175107523865
22.349349036761335
25.616266170279896
18.39197369631982
30.21099418041309
14.4140487040759
25.566634156795452
17.336908407632656
15.076867019784386
28.922486300856775
26.653196672485294
9.918253482246278
9.791381796178824
9.214794121463132
25.088108430094326
26.101790477410326
31.412928344690155
18.936951831277774
13.63384026356701
26.30027716861944
6.060356907617522
21.860512902710553
13.83585873290992
20.514808536010293
7.931151484297253
22.849963336750204
20.324379761729073
32.09125201762896
24.981275466081875
11.762752203911054
13.418719825658112
23.078488403282385
26.994491334035033
13.772342221508172
28.468817047256582
20.98937465385319
23.71648524789539
15.616877845807641
26.356930138464655
17.766704265034345
17.245576909243095
16.029818562800934
22.294447320709097
28.843355061765205
28.78854261069929
25.174304991725563
22.485981931293665
33.89788133667738
18.210431083620357
22.057712943863407
23.163199445920544
22.013759463254413
14.277477133244219
9.916235995847213
10.341431641673223
15.087003370793617
27.050776404732957
21.195136403097365
9.710411948864289
29.546458426319074
30.596972910741464
28.481628186189138
11.134138315989734
24.57393005335844
24.84634547331568
23.356220046700212
18.769632925466414
29.80049688489946
13.239380092754352
31.23016198024318
11.652280972241755
20.152412462598125
16.537388379151842
22.17700491104313
18.974377863418965
20.4730980636193
19.375892194152105
20.814439083354554
26.950910563145857
13.618017359501636
28.695259767757218
25.733295140279658
12.052558501507397
17.35184369784919
22.335576320541833
24.957232063506268
26.454113280675347
21.948776633445586
8.526692008576807
11.287454487943357
16.256045708834634
8.970606578372
33.73267650264759
30.469854385373807
13.706150226432884
17.803142330023864
18.754189839631376
26.29562248971507
12.851188153904618
17.870027290746798
27.603425708215248
33.958360181469935
19.138690439264778
15.833269708763659
23.76535484815315
19.151157719715314
20.216815674888558
10.335345087340425
10.678498309873966
25.334687898419194
24.331922941963
23.038135100721203
22.576394841650117
20.293164013667457
25.142298892089492
12.429336902902731
16.740799896355085
23.355968381153883
12.958440046802313
16.88707271542196
15.951733559268499
39.573568868758116
20.248872078822824
28.353030249961638
15.254511773309343
12.085962156099352
7.223557484677594
19.340000875437237
7.669830001874496
15.218117104307407
17.237407703731186
33.86526360531335
25.277625111701614
24.8011144943344
17.286300758935095
25.790187332303763
7.285439725883307
23.477752827667864
16.82370164760093
28.15797484783679
24.78391560412444
22.026674912644193
19.502719672090965
16.997511743011906
18.116717011035767
20.431329918103827
22.090765837056793
12.441517625684527
25.265441063723184
7.987122538728078
22.85237145530661
11.993816469587282
15.764003583080314
21.663054824244455
13.86843805037714
20.400497692632683
17.712924919962287
22.47273730392368
22.763521892099295
28.33663459843469
12.825499575265024
15.255167688971037
10.26215605105615
32.28475836264074
23.835928124792908
10.786578888851956
12.324312145651767
19.416010807191512
22.804215347920124
34.48366520596867
30.06165355567242
37.580034542646025
24.403340339122447
16.39260832928947
25.17433296249514
24.304067029713867
28.942067995764116
11.011833467124221
27.13359337248186
19.523797794098705
17.378538214651694
20.402207685627857
21.9529915528555
17.977129379758022
22.76331130300578
30.25138902439921
26.221254408372097
18.967964248879728
22.59152065245443
31.104562383427233
14.354821724349026
24.250502553123816
4.370063466951971
15.155978479758087
29.080020987735736
6.945785939976404
33.432188169602476
18.597147667925004
18.99648575798724
25.484501927537707
26.188186615508332
28.226555205010825
22.07971015101591
28.338175578562474
30.41615890444242
21.11406986221987
25.59776659569357
4.446781788805314
39.591387797689755
23.69459478464609
25.78450135507562
15.175557595276404
9.921039352241847
18.66183023735646
29.147505450981384
15.66145104555912
15.522642431269013
13.671284595806132
22.05957658648406
37.971373763659955
22.174590402122046
9.517440271065256
32.69245800188583
22.587119077279013
18.598248716987307
25.847946855035783
23.008425309273573
16.902612532152375
11.595622576660313
11.852747780208603
31.01437211744001
17.415469285368964
23.988968486520616
13.511945813099988
23.66313273911908
22.34334721913572
9.203231587964337
27.004126755765224
29.76443683225803
6.170539973599089
36.98555138840963
16.63848809410755
17.627491609905807
29.686042921154606
31.925665512516144
21.357926998074152
19.78907522552433
7.334802208074869
19.733918595455673
32.67088041433701
9.928273456535408
34.64205583613865
27.16510931917367
31.710542441033287
19.405933817353663
18.278845090403514
13.507530009662405
14.569418613560154
25.148275729588672
30.53450716956566
25.798688051501607
26.793767548824007
14.767460308919938
15.76382962661291
18.849753040888086
26.511335490476238
33.92537771708613
17.96793196845176
30.86246632515769
18.155644138422048
32.477052259179025
39.291242496454885
30.044674768207017
19.820562079697684
19.261424883864123
22.506889360476617
8.17946646690589
18.97506234293068
27.666458329746867
22.56988719921878
11.960073282848281
12.22496935863087
21.221772258866647
23.136363892743393
23.976895468167267
12.743783002058683
19.22532352015717
16.23645570952547
12.352133305942102
4.269930152966142
10.604832459540857
17.699109180960527
28.897990371059958
18.98085963977757
4.770394506696311
14.119497412360762
33.50764182612425
21.52496204946396
11.678041809120261
14.379677192162253
27.00684880145451
26.408213945662347
20.156887498636614
17.600498867758056
19.272434602829343
6.383499417924267
16.38783243578738
18.919555391834205
19.36963776057337
27.439712463229093
27.703461386230803
24.42646042406199
22.277357344931
16.787285491572835
12.079041929471384
19.73893033118001
19.885815795505582
19.428560921196077
19.21019547119096
7.6865030734165645
14.535202488140161
29.99348881228749
21.715432174088107
21.194557857222556
31.328742592068416
26.701301983511577
23.588121308493044
19.35168777678196
13.954995078416092
6.30846192353378
7.721201315739463
19.658714498714673
12.495991260823626
21.78469539005521
17.877767009209727
22.693169170589137
24.18973333699018
17.280005638694195
15.600333636200839
15.067733868650915
24.917675344283438
23.798483613704168
19.09719435822205
27.303466592912255
11.644366718401738
24.247346742137907
26.013563509676526
16.536310390102653
22.517832369732563
17.705070121015858
11.978963768788276
17.197855214010538
8.900642746720113
8.389343730255103
22.45429097442252
16.73866451135292
29.274114079620126
25.148826822156522
24.527957203465345
27.242479913746926
25.6275969639376
30.08337762102799
15.6531096870786
25.03616789754287
22.547809470684918
10.082422174396545
19.719363919520102
10.50318287652341
32.753301810220094
19.26808756970876
10.103947814736598
25.55582660622529
24.33406997657653
13.238146964807866
14.405148030198294
15.842018509695828
11.371583372248855
31.74951430264901
19.430311501696988
24.113829250330788
19.32505515153437
22.764873967835527
12.438737797693554
32.88927684473405
21.486275533150355
25.28386533563259
34.18544626438958
19.62139546248433
9.40584012262085
23.396014853170623
16.524371196814
12.925103907186601
34.823512468705005
30.283424972002038
19.827879075041736
15.65433288636616
12.647801783570944
21.80088926774969
32.711143745419385
22.033509021869694
9.553618635143792
26.814058916365145
12.207302068102923
14.151408330668488
10.700880102190311
29.046404689404064
24.682658148179982
25.18163562973223
24.251901035510382
24.25248310164063
30.681293989121297
28.85890440786581
9.659767253659293
32.72888351508932
18.266868085351483
16.996622771922183
29.742576338427572
24.247886312463763
25.867898211770942
29.584055427888835
23.969894572368265
11.733049769894805
25.601095907039618
27.271027715309188
13.121887971673742
7.330498208167535
26.56323281876744
21.242371264060203
7.9304256669001765
25.657747248414797
26.139435497685596
15.531808486272492
12.076675195560501
25.232883172488574
39.13988032546048
13.990278224058176
18.245051741266078
24.79486251803172
12.210188823749498
11.46491338104661
17.862706115686464
17.45474852517852
16.110018197698224
13.358178820610652
30.35946566727197
17.852727713776414
15.495636090636047
9.187294441953899
20.46997897831956
18.40946174237898
36.72191208983324
22.642089247625137
28.642154172534212
30.208295264960903
16.474965982632103
36.348629231228124
12.287850534266838
25.798982716423524
34.0916062813354
22.773251707442338
29.147940494583583
21.378304745421012
11.870611295594786
20.872081905048546
23.855544027985278
15.331604352162731
33.00238482654791
31.472460324691443
19.390869861819144
28.105927370618584
23.942342556315488
17.64834132779598
10.381920496276667
16.381517420124663
11.33439727908963
32.682135466534035
18.98938003499725
28.00446771853991
24.946219730496974
15.004230784457068
23.42359507339691
38.49906484348663
28.921090175998987
14.913533367812226
14.630074734781566
18.50722276807055
11.221550172531376
13.868297686378666
5.537216859402967
15.885447476897905
11.921651319442427
14.182170179009285
29.82402672168417
35.31353173466786
7.5526225809833
3.513106881163032
7.7602246761815215
30.792109049220034
15.585044586531193
20.093452012993406
13.98441687030928
27.076607545900888
25.868690194944804
16.446835705944377
27.27037288039365
31.50207499281794
12.370044788822451
30.37493261734511
25.091983625165064
25.09459889662779
25.895344078923728
21.859086927165897
26.308878462876
27.522024885752558
9.781197284599742
14.372404707576335
13.206439951353929
13.189315568799687
36.8039327143717
11.500777757159346
23.14390168822529
23.305845177558886
14.080833159576429
5.430936941249589
24.802746439112074
16.249125932154328
21.129748985405215
24.47035821149808
18.983505474800264
22.900008151281902
22.82688112215948
28.196730818738057
18.981522800094684
24.161025813843324
9.440953565577917
26.682823050065092
29.005721305254042
8.478091868881226
14.704318397778348
7.25752539904129
19.77959206816121
26.02556180431023
18.715644150832194
19.44035625442283
25.105056390423687
15.023069148610544
13.820059505052141
26.81216005997775
18.835414045874895
23.143713668862883
17.41348126549891
12.520226252815645
24.41830411290285
26.57705691780673
22.204011035660745
7.511607602718176
18.643930554508433
19.191470365720157
12.437123788467915
27.8189619240183
15.014961956383873
20.090633393813032
15.294599472453305
21.62700036556596
15.67967256881406
25.806779538031954
11.370842488960953
29.875696433533534
11.191586142791206
12.286341995816901
23.563394129035533
16.920196675277015
15.905138626175285
31.406529248650976
20.401682437792395
20.027285301918898
24.130782739349222
29.41441324868057
20.034516946385832
14.525852884956905
14.516296465010885
24.955004404654602
22.2840154671978
31.1663243529219
16.13220941470075
18.682155243257846
14.010181139652605
22.486117637137646
19.2409006297964
5.577933747828746
21.59007571858514
35.599265836708625
29.472465904687834
13.633932443447193
26.34595426394387
21.271941690472605
15.239035384010894
9.623141687518578
18.122085441634535
23.916525430948113
30.582752664555652
21.88728308027076
17.577991439691914
20.283391035396065
10.672479834060708
25.34385256546566
9.802873243116148
17.79115734646002
15.490354644732813
28.281905183718806
26.27457745129765
17.208625256610937
12.070390583656158
19.187520373601068
16.478987396555286
17.407346246219387
9.837272694238067
15.900079243178457
34.827850505171945
18.055047320592426
23.555515183523543
32.73712738152017
19.15477494732534
17.719158772471687
14.154034171189576
30.259479982484255
23.512104536619862
17.661881300208396
10.079684883455919
17.436331866149967
10.879907972819431
14.699063478030892
23.675629487400855
9.416217720906795
19.47656434575053
26.464277654427644
16.418646083674453
18.150767197449177
13.454580705046455
33.43803698149591
7.680179525774048
16.384366187118722
31.827761605335205
32.191080925395276
11.87124439815643
36.68052611366425
21.324251256748862
16.616067077758544
17.877794830663305
14.451895957015266
13.488050880892516
27.33730629803409
15.696946614458788
28.910263029428226
12.043832538557142
17.193792677603618
23.834436975391746
22.23820087579882
20.208865123921328
26.7034439344878
34.02813358534175
18.87452623551887
27.566016334889543
13.056877954990954
19.286515613781138
29.860387447931853
26.45319341580606
30.515950375419862
15.054128497074176
24.40293456916605
25.91016362411185
14.857772538933371
11.246550955584887
30.1569098661019
23.974211946062475
16.6724030724307
14.041817774051198
8.877405122519802
27.94149082996077
10.49684179213496
10.710138590208437
9.040283380017183
14.867133746288575
29.201714871235957
26.375430349477583
26.565522534967236
21.764389898144383
18.627325924595628
23.383709414405377
24.902073959683783
24.03567941609749
20.636830352873314
16.310184079611755
36.12772285080019
24.729872575068505
23.9598141064671
29.691438174756723
24.095670308159253
15.124216055567867
29.46409044093511
18.57805789784298
18.841216738852488
20.267449117285224
15.31962403233149
16.771232123653594
26.559394380858375
25.979275989554523
28.27278066936635
15.935483802423525
13.470325109403046
29.48038519310382
21.91323055008478
24.5894191790957
25.40241013958082
20.955012954034856
24.79041226448377
23.70654861671427
20.113306900430203
24.52871324592799
18.792480909032676
28.029248530789133
24.805549223575873
26.487007979386007
25.062722512074743
22.38784744345853
27.309613318985225
12.306177363431823
26.78231578283969
11.779663631450408
33.39447075333423
21.271726381391485
22.42638004949013
29.87892536635216
20.445411687750266
25.580403727669317
21.766724657828068
36.85911378063612
9.150911176845808
16.56748709733806
15.51920426969931
28.717083997495415
26.594861834143085
19.995432033145818
25.297213127072762
30.06159954731142
21.99239097887952
26.460479641973162
21.10932509231063
18.675349913309162
20.94608389043295
13.055430688363158
27.45476056760248
12.839219822205765
16.24348883941701
17.270378703520375
28.530256153751957
28.7797015275357
26.22379086102678
16.743017992001388
25.922600549139595
32.40713492300315
16.134458409333654
23.859088632465024
23.308604992199847
30.04214372994526
39.10541939151006
34.24442858191886
34.75944142930028
30.580048190784545
9.009697384275848
28.041352056550924
18.240721818344344
19.075492270292777
19.18495135011724
12.48042333098463
18.99583473821331
21.83967308220323
22.436171538074063
24.189168746048
16.259656235689484
9.121987616591905
6.685617776593071
6.01456481907396
14.68517062065018
13.997575889579826
34.005567863609144
19.799523023546897
33.98806924133605
10.492060042027747
24.40699821497442
18.361130629794694
14.16428940789828
33.86236402107344
15.660034458971221
10.58058575816402
32.61194875753538
22.914629298796108
38.94640781562236
15.638698312093705
20.00813342897876
23.843050974342514
31.947594354658403
22.72779452364679
26.353996332539616
23.7003463266879
25.29053767945569
28.08888657326965
22.557464451572475
24.26672927222196
16.642983823344245
31.84732066106591
26.599527428018643
17.046830083464503
23.94512212889575
3.909376581221928
9.041278583677352
17.305210472872602
17.233260995413286
7.604973722256084
16.08801609468455
23.327251021102754
25.315981147778093
20.498466075318785
34.65284891336916
24.835590718180615
12.286912163840837
27.227355562934093
17.044357373825626
21.83737399907717
15.25979371618964
19.03815291970192
26.00088829360625
14.496286907062569
20.895633571813445
29.01047198728018
16.264176678144874
28.161988287284306
31.884985325708875
23.579518539190136
31.656055683166315
15.068596689828018
20.323712534324105
31.518683199757636
14.557509614701749
16.575475542194685
36.564698937362344
12.867529618616143
9.90394269210739
16.840948523600023
16.85773900426976
23.42403975482561
35.957863938830464
36.14028018938211
27.04173252755857
31.212687925426398
8.114499266369616
22.035143958445563
25.713951522121526
28.92448815718899
28.635450397516355
31.933531300012216
21.069255893753866
12.398476638669008
32.41266974183292
22.223947435446423
27.855128406419908
25.61176501594092
17.90101439194674
22.66546691195773
24.929495031267592
18.03355396362068
5.1450653302531535
21.06814021704803
12.372105904558026
15.929368169442277
29.60021702818789
21.906029019406247
31.828433048524186
10.581449636310753
34.27294312197359
14.237961198592844
17.47772147495606
29.82874547053677
19.148563350834518
29.012086608647866
21.59220594754951
31.839241590610598
38.667745737794235
29.251152292231783
22.49405776226009
4.165876983325013
22.272621209770158
12.212366328367935
30.712206501720498
32.827157229190355
15.036882498487397
13.291553995461673
18.472725776147275
29.990330535947297
16.98586205782227
27.167818143201856
12.318956343600684
21.38757872775493
23.290537604506333
16.31321486126087
25.853897596203964
25.22068216393376
34.16241628271361
19.653579873784835
8.599850070053346
12.96876803585715
23.684311428401845
27.97075833550606
22.754984211593403
23.731951245029084
23.631235484318342
21.92619262985584
19.585946581895648
35.34726165724039
10.15325259506379
24.574142365451646
30.276447391495488
21.50012968322734
26.01693509050515
28.530923199715808
14.802220652930194
28.440547150334456
11.410483887911514
33.28417304801706
17.3954423612858
18.666516194809777
15.750424752399486
30.39524379103197
20.502754750498703
11.204641312723908
21.841171609963805
18.842544148847086
30.134897460608506
22.865136788852414
14.970301538792958
13.697223210870982
9.49107915568693
30.18715274158923
12.34954665406986
20.163463291986357
25.885836194751292
18.37047301840387
20.797340429570145
33.695339839389554
13.675851370099227
29.98617736708663
27.179325035588718
28.946256509691803
24.760498445011535
10.263723726066218
23.766511260362776
18.39401629764069
28.046922980970844
11.593863872699593
16.690929277055616
20.510434318665915
25.008808520923775
16.68161016121962
31.938554904936858
6.699466506658689
9.743481662979695
16.675996926276284
19.13152755523281
20.23607584811319
33.0115709120724
29.66973015677047
19.941477017881795
13.287055335861897
23.999983247364298
25.686613877513096
24.69165153264145
11.438259036456087
32.24302972670426
19.641040649781722
18.07691418422574
7.526716658767992
29.744585410850245
27.880141381199657
16.46502714836989
29.157834740290173
34.02790505542556
11.609816782804717
31.616856446632276
18.02579463362964
28.004699655879463
12.416354999542044
28.017964825490015
9.135196034927437
14.149178135387928
15.149473718085655
28.278063199903745
23.63488358991998
15.119650562793922
24.154317721899684
16.410251829169823
22.877851328314655
23.96082149876889
27.155448582575197
7.334357517789089
33.912513207750735
36.07103791110021
20.808094238405843
13.860245164449957
15.303867818057403
20.538891345977497
20.54107728475409
20.00909304348544
23.573202212610944
26.827554211225355
17.78787980426364
30.146882394831508
30.99992580891351
23.817674679843424
18.82414396993131
14.544098067611488
26.543661231013736
8.46707390313949
20.482602194475064
18.109349005894273
22.982815981676996
18.432440055760676
16.964556949145344
15.373149281198174
17.761398661367675
35.30805529224375
38.06845551843943
10.98125090847752
15.566838986660134
16.646978394009682
12.983998528425234
17.03384662380425
6.855725209610473
23.695642233158217
29.097942221134886
16.151238075059997
22.298103567541613
18.192855752973145
16.742836109376093
20.652080510070807
25.84570696017355
18.928087502770246
26.815279077604917
