20.591582072494376
22.333824780304095
22.818409249150754
17.090537839627235
19.883710762543405
13.22732671593113
17.428242128648172
19.524205934246627
33.055886007497605
27.04096296068047
12.422827772301453
13.650946060698837
20.154653109957472
15.046210819099649
22.98265502245117
18.162208602829363
13.630206099340858
13.27306583370026
28.81552534158324
27.77889345003391
14.552105518192377
24.624818957651154
26.720760955793224
13.402237562559328
18.185884706781696
17.73744662133506
24.760230216801396
10.472424279005757
28.841826411250093
30.271459062479302
21.532578501947622
11.561818311042574
8.184842322193294
27.322557337496225
13.608046209145371
15.800568281456785
11.840550726441808
32.21978618230286
31.09367664798361
19.837731592494787
33.50726997677128
21.468755440096675
20.405245668862133
21.153286294873535
21.472565258080387
17.29953534930462
12.96561265290897
5.034200323215612
32.70179324992504
11.439782906592463
26.9538862862846
29.600163708074582
9.154617698574297
15.737828405061428
17.96811234545709
10.744453505834015
15.750027023219708
29.122623488587468
19.29022421019936
28.1161621340894
20.40625832300682
25.95508304482271
14.160165046739518
39.104480009686505
29.944381041772527
26.054400786606166
15.142668667282733
21.930276207472065
18.517973872688227
33.17822000161117
22.45802048706795
7.185334865938142
12.776953210006258
19.355636030030816
15.519728985993819
19.42741324945885
13.100239904748397
37.644223555151456
19.574384761652652
26.583172469703275
25.64395715501195
14.65149217137963
24.160817146920504
15.70792118667608
19.617422936895856
26.407870625893402
17.794409527671565
31.605928123901734
13.90287717004342
22.22557535747486
12.683444380213949
20.554236913936087
26.911623601470907
19.931739797687282
40.269978636976695
33.867740591971206
30.29726914912606
14.577647283464753
13.841686008482878
33.588301246194895
34.08941227450153
24.640669361847873
27.502705610551786
20.796612441903513
29.13217520169639
10.58438735592173
20.56916195703629
5.410678272048086
9.099752151583726
14.949208864490176
20.75501711624981
36.070311673063216
12.471035204503295
18.39017866659811
10.914838435059469
24.332571780790605
20.566163876026994
15.855671761401878
20.52899598965543
18.386484869801926
22.662105412350606
18.00130929300819
23.870047894950062
11.477618305016852
17.6256330740047
19.258011140136897
7.47198246671077
24.57487510909375
22.061417803680296
32.09203096112576
20.318341023086134
11.368174939614114
22.259601875217015
19.388489784712625
18.754780684407837
27.03804072537726
7.9250026282923
24.53670019155669
16.169830265582362
17.041338003578524
9.592384790978878
26.48181064773835
25.894774603706065
26.44017446283449
19.40441238133512
10.760129391702526
24.15558801420656
15.18735829534185
22.607645688105762
18.77754138502724
27.04636584732753
21.991055646012754
27.311965429044868
24.252139020670757
12.16044246132516
14.552541587513714
25.478256063845883
19.16747614095996
11.588826858095032
13.499003108325843
18.89225495892258
25.357608337963782
16.673704860352913
23.680616846951825
15.186326274989552
18.219932405333005
16.462618805608894
26.536689433520355
15.904569501869233
24.884250214837994
22.17485786031048
32.80043869390217
25.618507637390824
21.145827215097416
21.269322871770896
21.903211137925364
7.6370602785411394
34.64606313860517
29.957661625038234
22.010808239337027
18.21740348758432
9.918815580810143
11.629332639614374
18.29767232441355
21.22081475540979
29.026589959033835
8.559180612375748
22.134643640214133
27.66655397086065
23.86591402816247
21.806606053707092
26.064950242923075
14.42954964019784
20.344062972607325
29.424193845907805
29.666606833225856
17.39480743924036
26.952114016508624
13.554953194652688
44.69111735746008
25.125411006317307
22.360303661182883
14.783315812825553
32.25283717985686
22.461933854169395
21.812033115181347
7.317178673555519
22.665472848498442
9.357357840307246
21.330494220312104
21.75735807963282
24.981116176527014
31.306536554402587
5.525082635026917
35.613290587544995
26.780454686797853
25.65664181161353
32.29865590407031
22.76975007384834
22.067700983152072
21.350186199534207
34.087021995076476
18.69896981241139
18.161434311383786
13.860391659654654
30.85835899397569
18.770565475482
29.463151819287276
23.1508984677264
19.48161676339066
19.57853557846138
19.82857298257939
8.341317052035775
12.3166182164618
6.35762769892795
24.357505082048302
21.7280310888084
11.108574350031825
16.314609022504037
26.371981735712044
11.96270459632149
22.401022320829785
18.021602816917515
25.638721594036035
15.364566016441195
18.808585534647328
16.01477477454471
37.01661102797918
12.584767579408302
33.19332221164626
10.432185253014685
5.196989117146063
19.324384039247395
28.649238185350114
20.086776844199246
38.50389989327506
28.385556329419273
26.061105918358987
21.393008962889958
20.410172925003682
30.706447051418433
19.429000795386127
25.0168607470766
26.22637288771017
13.627915504684319
22.10177317621548
22.98406293104757
19.479316337035517
20.717660668372243
17.89870965416996
9.631118970448334
15.292642246237994
21.656177126825877
14.336050216001498
22.840610661960547
18.158714020652322
27.05381836696803
29.367668923426614
17.563458929031164
32.864824163568635
28.585846212108706
31.809148100970745
10.358204331385686
16.585144431617763
20.8005999845417
21.05231208297202
24.40475821599103
29.97723258014325
26.840650839504896
18.04988458109171
24.64462309245684
24.21009005055396
17.705055744084806
20.31133962081212
19.481550556200066
26.726735404907167
18.046518418372706
25.896783983817013
20.345489479793034
24.944203545376165
15.507096183845876
30.822880139305383
27.507137420569936
28.41370129248948
25.279828915341202
31.746991870695968
16.619836851626765
21.380941569936688
11.230337590965137
7.921984025198363
28.170704862098923
22.70864077863145
32.192397595515104
28.859526345995906
22.702179089181342
29.50087597773654
27.598220493503486
24.605281224519267
9.992518753238953
21.639213271253347
9.442135823751961
12.243164852381565
23.925630101108563
25.659868248213243
26.21472460084839
16.73361612898018
12.503317090233693
14.369318225710247
22.769836712273417
29.29730562993742
24.39713843868414
9.279016471680885
23.260068570025
32.95708101552652
28.024428121718433
19.953192070017508
19.7522721729149
42.04121315513649
14.38332614571566
35.00860726840886
26.827669711909525
23.22557104192447
30.409076428383024
28.25129540716572
15.188240702738643
28.4517927908227
33.680378457773216
36.32653035643009
19.774743230314737
15.724100196890063
15.704319822505903
27.898928378354817
12.055122173425287
19.80124599741404
23.230884054971252
28.514834118071313
16.514742769432566
10.085961675120187
24.20631302799738
24.388581019693174
22.629834613459675
32.45592541902694
24.081489819877525
25.11073357963319
15.559071111161645
27.271859992914994
26.93767017723201
20.689420895749493
27.531892384426033
6.977715985439196
21.224065030147642
18.879656567789407
32.928796262988044
27.886169831053106
24.67357325013962
11.093037944995558
22.188863842091685
18.274027386135142
28.58649816083794
35.35445597713661
24.067211521738752
30.048082096195653
6.481375959922886
12.914539180399808
20.38750821286845
18.59183220861173
29.248252607682918
5.148098033531986
20.352498855917425
31.141839797252363
23.993428347031244
22.368895036115383
38.52255256753779
10.149405286912607
19.876730916682796
15.156580997754624
16.037172947796016
18.874210763446687
18.39786466522487
20.230307220789932
9.986203701762049
10.74527377842713
9.79870364941413
16.54886181850165
19.44296620143782
28.584494524188262
24.793244115128367
23.578486290550494
17.159304267285783
20.234436066503434
18.25569125371874
13.221917804290076
21.029251186625384
12.866094774431774
19.15695680227419
10.629255914659659
20.130435582547175
16.334643937154034
28.931399926392153
26.889395318751024
18.482270033642756
20.751077723023712
17.22558055745472
19.299062060668685
23.436931855361063
27.96256963281366
23.371444348926733
34.18235646348628
32.16172297583862
27.254075157885275
13.367492321529276
32.17363903506987
17.944211206645853
24.495555883750935
16.58992795132342
24.160992551395186
17.779452014537807
23.683789910481188
33.12460512639504
20.820619185492717
16.66910532876982
25.677734977400714
18.525346151712682
11.47403375270038
14.385398661543993
18.545312001226982
21.03787256170792
18.719841001452068
14.051608494049775
18.244190341371617
29.26442383807209
28.16097169500126
21.676983099919024
10.51018826814501
18.01678965562786
11.026596379877024
20.425163881696587
19.469540183977738
18.760678359918632
21.55678093180665
24.065014147225565
8.861264332996202
33.67894078944302
11.833804449771637
12.503526110744769
22.971900951750555
28.933467726425583
27.252198022223794
35.5208834214455
22.642800043207618
33.68663404423543
6.754968369250258
19.369998484968807
22.73724296949785
12.328795242287718
3.868902848533312
17.076625188636687
40.32320823592695
12.002300201826781
30.93592300598434
27.554944936954662
27.95602217546424
30.297795058298853
29.493049181454204
28.32685394037109
14.720619202238575
12.889100152801667
15.117385457722264
20.246015791647867
17.80761583873209
21.871753209060067
27.231157718491485
9.724492846678102
17.48363354892263
20.92287787414246
13.246711105691482
19.70047849155959
10.73922884138742
18.275278970802738
15.50287209380172
21.313040055868253
16.028580155223917
38.18275077376109
13.083783547413539
23.662152489675485
27.557324699700573
14.614550931719217
29.41294323318977
17.755675885401953
22.102351490262013
9.486820997585296
13.478467399217053
16.244035087268895
7.551943994054532
16.652775782166135
20.106866414592705
26.077517899196966
12.819780970034834
21.572262934531622
24.19943691838365
13.638617326661155
24.048934794403625
20.291900234596838
26.21874076756708
23.684788691210453
23.604162927653928
25.116453655544298
8.152859192047554
11.927276049874907
8.65003806552741
19.17111464219895
21.69036056734239
31.974624411300294
14.89494537996034
32.94664283059298
20.702077343179443
29.092634287986186
13.50130256998683
27.92222091067172
32.177964395095614
13.079453943048856
17.416031750063034
25.864056248431496
32.453679958174654
17.739670010897132
14.8660042706674
19.5349588757036
4.571155397281103
15.155207434464037
15.400356111232526
15.301021379693516
30.80401925545574
14.92777886631359
33.33292969819267
27.14617634289051
16.340657479838953
21.757358659055797
18.818325793504386
14.830392213507025
21.99414750994279
25.631371861734717
19.97244208060099
28.60652320553267
27.45703874623855
22.493107730995266
12.823105746424844
26.666117904659252
26.434522152482266
20.60187816630413
33.992068052076434
36.74670245885078
20.88658591217713
35.927073848049716
14.639759587348523
15.378797292194813
8.562929365102018
11.249407070356213
13.05130333189448
31.50264429375458
20.10315260463842
26.439201323631814
22.113093766585983
14.390856883635829
11.426606653301798
14.338881600652783
21.01680498810668
13.84946453855244
4.852675913082088
24.9826174635668
22.633228629149134
8.763798906065684
28.54058079295698
18.583621830507255
10.238424667729339
24.160059317979528
28.098370576063502
16.796158402068215
21.744256677473842
20.492312826631156
27.563255424999866
16.841144753894888
25.014586732118318
14.833998147881351
33.6939656185221
36.79742614319032
9.324518177179074
20.312917077351237
22.756269137903402
28.961604572915274
17.327119405396793
26.722880425251006
14.263291121681386
24.456424807304767
22.630377115512854
24.98272934718851
31.320016283654418
29.634176153468953
7.072549946089325
15.433659093649458
19.627446121512946
11.25400834693755
22.11849142298473
9.493161508839982
10.246606364053997
23.660855572823884
28.626221778108437
16.190644046981436
33.25919377810215
30.496769679712777
5.801121148895726
22.98815498066762
19.604334286802676
11.242319921928754
7.948221305716188
12.773937505280854
21.572445253365984
32.33424352027402
17.414955674070793
23.186682352613666
16.126711963344622
18.651655348276943
26.057724183204957
29.25414291894119
31.65069309273936
31.359566671669704
16.290609079895745
23.246189440263294
25.76143549675724
18.887942750143523
10.47446283125517
17.731163119271027
9.84481420573872
29.01886846125033
20.020700201247696
18.275015832316736
29.82326851787979
22.573597394154554
15.171624392327441
24.743219749425272
29.971859222011627
8.978785969108802
12.881820519705457
21.524972204453924
22.82688254194201
14.212801316148644
13.029945239617886
38.70238294235106
19.280924165257602
26.2480645006307
25.758991769379517
6.20231706001179
12.278394061040196
25.422728495588444
13.933298150128817
13.083061617661917
14.835963374470651
26.060290313704865
8.50614244694456
22.1171475885402
25.08268844301951
29.450233903661662
10.037064406694808
20.78244219654971
28.73797925131933
18.598275219869222
12.7027656484556
9.2073377136688
30.724681459799452
26.38567939453772
20.465716806338378
29.825620327094487
15.702524833936515
16.44352582301665
12.807139671749134
7.211945188621557
21.90162470757338
33.24111927652548
15.027412419132204
31.394741470321108
13.724063943599354
12.645966951558224
16.812120339627043
16.745250075434377
14.581820491054591
20.235638545448555
30.300961049208166
28.20007306508764
9.641400756799209
24.1447971711272
36.32354176089155
17.537365808511822
23.15758370327896
16.045250172941394
34.89485470454309
23.685232421742278
24.07840077874258
28.3265189177351
10.01394734225045
42.517080385196195
28.29167779229631
7.961305246373848
13.789885640201042
15.55837497155453
8.374933813973094
21.71789318578177
26.978880961037863
25.857135481960455
27.6540149498866
27.554805882351133
24.145963930620418
33.8086986982729
12.353542239505385
19.062946901621675
21.09986172064674
23.91832109049689
15.48554072961603
21.72360730386349
11.303104083304104
23.871382037410264
13.251825742840916
20.459376661874526
34.91816368906213
24.674827174686104
33.79316049856976
28.28400167783034
23.85326929004939
24.723521083046396
8.114645935686834
18.372343375164856
12.406892234352304
24.812838485712575
29.118371006848633
35.5101355381818
12.806922617907949
26.845621414331205
22.887322022566618
19.72294649819285
23.27344554442622
25.178507013801262
12.588019683833778
21.216748359467292
17.905255741271088
26.444554452476023
25.446729390288773
13.592933382526756
16.644006113874468
15.676808786682152
20.72978051006315
15.670368196097453
30.902359342751446
25.098152854609268
34.468860185379775
16.384010879151717
26.58064042920182
24.837603848358793
24.84386667816715
8.781733361682452
23.849553580464484
30.712818675008897
16.465357724702084
16.704957275994673
34.13079340911969
22.88144004930582
24.42402959635898
19.91170638646526
13.283527938909552
32.25122197300853
11.625803732998019
20.038941946064476
8.941998166473054
23.9230186045325
31.304963232144207
11.54457836468907
15.244964679210229
11.807454533042598
38.103975796165344
13.264640209331958
13.810596346111168
23.04461264633114
9.291335777722274
18.228593469991715
35.574406326959014
19.92062374126861
27.780902783470538
19.527725723767063
15.667392783255254
30.902895206865026
5.51056126955893
20.662748636641208
33.987257607161524
22.133710328688014
22.637268573269992
16.305269494867158
21.4036713614908
19.813309042620084
15.02403971215422
17.97715821552614
20.06886183771599
26.489079540580764
6.428590366021956
12.277032373648193
29.690045021622556
26.31410318042206
10.767355386023594
12.72312835979128
21.04824849964601
27.831595972631526
24.266378279745016
29.42811876661031
21.609750035326137
21.068354263658918
31.20515034704752
25.34235683048765
11.368678691498067
6.860966067839528
26.506630436681892
32.86268180397326
22.105256817518917
8.00104934536688
27.888614812803432
12.102388063059655
15.388963679734845
27.533899772457225
19.17611276792762
29.73014040923706
29.465189348770835
28.1870139386569
19.866338922729515
29.256694082158205
24.591154722766515
20.02528978903196
18.765082877808457
18.816582051626913
15.270247597426694
26.620817134452047
16.122912812737464
19.141490717799762
17.631224598439115
11.63192842835895
29.490651704944753
30.38846425722975
13.534830716503855
17.068681728453697
20.851973810887184
24.957885653736895
16.208229268915858
11.737743195431245
7.963238678775021
17.26119368619109
10.81444148291898
33.42287873348397
18.12436623198205
12.954087658699995
16.800636938812666
9.994057086434834
22.546900770016848
23.61184180529718
18.338032746166856
29.762169483775548
28.188864637549877
32.73390550398204
26.268476796450386
27.20800923716357
36.07329338559132
24.85810215991021
22.054087796440065
20.96765232926912
25.857673628286147
27.77170818906533
15.196234775513561
29.103576667541876
28.895238590906352
17.264392434643067
24.137884392803617
28.070319757095255
19.190284533597485
10.825603173258104
12.100243166476897
19.683210764237888
32.519802328107026
27.58241660032859
12.213515070788187
8.192211726364043
10.643571683567135
34.77457803970136
12.705083190250331
22.329450820967978
22.676971797016225
26.878702713724604
31.963791689866945
21.262198361808085
21.584301041264382
23.698902052923625
5.515222442938057
20.447582779450148
19.878882359686997
20.68089109894051
17.4391433007552
13.316910553398953
23.653537096812286
16.010630007857117
22.04409864031705
33.98342837870684
21.319468455171563
24.2348685724737
21.070066509446768
18.93994778980982
32.096775631138605
21.614933979899433
24.886063357694194
26.24764030704825
20.165476422293107
15.454140886317749
18.90870074630879
13.151009636729771
18.841461355847677
18.330484396345344
19.202633685090866
10.382751712388554
20.52986056540298
21.26120208453381
22.664588588963746
28.0121864029091
34.808992739284115
11.612517898254948
23.035141366321447
17.60494287361827
17.84479986252117
29.98352491156082
35.78198814055413
22.778842726258127
12.356283813655054
15.202611137183329
13.80053633813833
28.671579171782145
9.00504417406757
21.413281414881627
13.073830210250051
12.744424232614582
12.524229518921443
15.798137676695854
23.89235236060636
18.534352546964637
24.737915599684943
35.33136551337152
35.59961205209388
13.884923608520129
39.64607887204918
32.64399236265558
16.91926731375492
23.885455018181645
14.094635940599453
25.273862145782168
23.321835325456366
22.88353697739348
25.951704085430464
9.779444597783813
13.41459398567
25.876307446407303
14.359004374090185
21.488358319516152
18.478730194533995
15.39458077585046
16.381058997664866
12.908411957924457
21.49507992645103
10.316452751588113
27.792298903642184
17.027969815270644
28.295271785799915
31.67002383141285
13.186638210927516
23.317158839128222
27.63207038119374
26.31933605450129
13.316503061828495
28.865595820878898
4.427118885547666
19.299404181136637
17.86251162480448
19.168758982100496
26.69814289765889
13.234711607128277
13.200097818686226
19.11567321241883
14.320074394619652
8.51800821394526
12.862410734821465
8.995620753876494
6.922320682880536
6.335107280806324
17.59277086820142
22.177425672960947
12.448979118253956
19.569858699273507
25.241449128180978
13.74385355782736
37.03527465369834
30.916022378106916
27.786987794737918
30.887839608393026
19.5303725339214
27.917139091597132
16.19429596416888
18.231468551900463
22.771025764304415
23.648164505993286
12.895595159954429
23.80851655553253
22.602537699527538
28.852778965271312
6.810200198243381
7.888702031928476
16.95655405151666
12.50563363795502
12.47448993678266
24.005432603894516
20.484950088177662
18.899779300797405
19.562748886796687
29.284380505040602
14.141835857082137
23.456734543051006
13.472442195148004
21.605451844285206
24.231184573445876
26.080663298798274
10.182971657847823
13.627481547867415
18.936553605862738
37.013097229022875
27.040492877160567
24.909401583497143
31.769761696605805
17.533460613347973
26.00245720033469
28.652641805707717
28.438114471154314
12.504885842420785
22.019719908494586
17.15015576891089
14.563368054228057
20.029170194260146
22.35296871325355
20.398962642468597
30.776909083844643
28.826801428044234
17.673577154565052
30.374200005260843
27.493730129980822
21.446432037628025
20.18710848417156
26.03123079630842
28.209249564119204
36.606204556990576
29.3451563827389
10.286889713043566
15.628718697376897
12.294930863758257
21.227677112836616
24.41900306735468
14.232887954081422
17.853312879830806
24.706382766084204
14.753504715004432
32.30123836612378
18.848679298846314
27.284137994636126
27.475649747935474
28.34345303179001
9.177474836083785
21.385350047439353
28.497015180549077
22.87502656928776
29.589296201008054
31.522270693938413
24.526226226386957
22.784330788955014
26.31141382588766
20.511069859364397
32.78674192390848
20.27370210011789
15.011915245316949
32.12379428558381
17.8228958022247
14.206148636624969
15.501993419310068
26.5140338134422
32.97451609714774
31.021259685649326
24.70238785531225
22.716702206148568
13.98890324499684
24.85687632596771
20.096072320508068
30.420765310203087
29.986963648572058
14.031156908813834
22.348378674497017
23.330554003352614
20.138692760649402
22.31527845252123
27.180125387830557
18.67294237339088
23.831231743491763
15.855778826276966
14.660599133668281
4.589956625376638
28.01565741155531
24.19727455784716
26.635409615589776
20.762962488205638
16.03622311779218
28.89679054248484
24.933766646139105
29.944288843301095
30.489557780511927
5.482800908539835
15.937742751292815
17.11224301206861
19.428002188000058
15.825183439854818
30.484033818312707
15.457606143311265
11.348958958323566
24.420283289967035
35.041627039106
8.496117689707042
25.329573616648556
13.9321219260666
33.03598580749272
23.624669686974848
9.636451943223989
26.16424907891374
17.188898092743923
27.00908154942828
22.71509314389836
13.200382535028416
26.76710751865435
12.566027549053155
41.70685545508402
13.392417719259187
16.64123969197282
18.997324468761782
24.419409158386024
21.020193531938762
33.5304823058398
24.44517437607101
13.898097309855657
20.498276174176155
18.090619532461407
21.918376634202886
25.35027235304597
8.51837482177658
20.660007628196183
17.862369831736938
21.3522678588684
13.75336397555557
20.7743782829524
18.96943752110583
12.016887820535443
15.569464663724297
15.844717430107552
16.11319313063301
18.285579822330345
20.608225630108752
31.198146104180218
8.67035774213359
10.426371222937538
32.281953769857196
10.346264713440576
25.613919378213822
16.735957082932877
8.303854422315599
15.859417366789577
25.88044730559902
25.001983300301305
20.341682564503337
26.690536057584534
31.63827373799764
18.723677754235144
31.9429355269696
18.59200953712828
16.01339982930469
17.690167280588298
19.317066994188608
39.96999311720369
16.778867805709414
28.71298773646938
18.316666859209047
35.210354459072924
15.049290939419365
15.26097010431881
31.680659798614855
29.539009822321333
31.844610852857972
14.927951548951928
24.233816279224765
21.829025506807856
11.626845802129806
7.448013932097908
29.83355119421495
17.04033229427986
14.020113973994508
15.925457908266585
25.263216578188317
40.690312199035766
29.282673110519198
17.73333741413326
26.832391410486863
23.71978801519474
15.671488806523074
8.732605584056888
12.818212533256625
22.775514309470065
28.380822939803945
35.49484487806423
22.341085558673768
18.89911334580468
14.848168609503745
26.270801585116367
10.369350331707166
14.99839253343981
22.516670732440193
25.512749373764343
29.11394153503175
12.702551678161614
15.143222753941206
7.788773285245536
24.814472239122015
18.80496894871194
21.822293467918794
28.745030880724975
23.403897428064788
26.90089449651161
6.663184886792783
5.896074064138547
27.418289785327133
11.777375252689321
13.146850108150911
14.570777622296385
11.660935969679532
29.32567220198311
14.807664323887785
9.782263576843903
22.19275936686709
25.262615143996833
13.500201123017664
29.91508430629543
18.097083870463052
21.715269021482378
13.843318857962224
14.927082862604465
20.556920118025793
34.28501269553319
25.222676668086624
11.343728546666595
7.676291033775578
22.687914101686015
30.490808567949607
19.99104328495464
24.891937303948307
23.912786156101888
12.692303158304425
10.682866086699448
17.67816132389271
30.539679057483966
13.328852568106285
26.090443471376624
12.89575148336903
22.128289423060938
22.31094622660445
16.883226287759417
11.676110879725595
19.685551600734385
23.291273920139858
21.676566548017636
16.28377465196392
24.709922312939067
8.979063783468463
4.910321765943653
6.415562399589016
10.006957931588035
28.457695052535456
26.69441785332141
15.306308291003853
25.78513926972232
27.20540705344855
7.593431860956572
16.90230951451347
21.73767865126607
9.022466342453892
19.708638532096213
19.39158190694666
30.05880355229724
30.100476481611206
21.15563663955524
30.656601669791023
19.51068869002194
11.424294107661755
23.614419552055406
12.234005719164537
23.579385474111945
35.36163927484977
14.931033378658624
16.191592626490728
32.206923444630235
14.539568195017306
12.985645671353076
28.69559727967036
19.469123731391523
17.73103584902907
20.024585530670016
33.71291562655802
28.24278818670138
32.221455724264075
34.24424888531804
20.964279125205003
11.915269012478017
29.188504764004463
13.764574189561515
9.731645191963358
27.590028673223184
28.32612114260174
17.361688589165503
14.844385742308017
28.429451787393845
15.85416701472391
17.791511233518882
26.921660134151367
24.021553825191923
34.54836242147393
17.047735289926962
29.847488627495522
11.062677577522432
21.68114275550658
17.12283126811578
20.90422265197142
25.778631114316312
13.16947768895194
10.915164591145874
13.405890246053861
30.630901378634903
6.583433511374958
9.295700133930218
15.580915324218704
32.19460417758276
18.910452113884716
21.277986986438258
16.566791538282985
12.752407961612109
23.651344527223745
31.75800526269838
19.156894089202947
14.867944368684359
20.365471149318783
38.19694351311383
24.381946269560107
18.115321983992573
34.125504246001476
30.66585191371385
11.535169866707156
24.852696430626025
27.119659466619265
9.24827127415115
22.915416773713673
27.752877160316057
18.74892784339632
36.79671290104449
30.268148301210935
20.360890209368918
26.496873386056663
25.827452192808686
24.67053185929679
14.922760902663018
12.167607732070325
35.505513960822135
24.959495842527033
28.369013983424153
12.139847507817352
25.352209819240343
7.410375111467136
9.150009210166706
14.324676244497011
17.978780203301614
33.317471640127856
22.883238153980585
6.946675637513331
25.734013826767484
22.481046305910837
24.55568806143417
18.122584456493215
35.28666110963863
25.61482089092653
15.323750703420158
29.907075071240197
10.860045153906055
20.68467546737828
33.100085964218515
12.455201090660305
19.10937684551459
21.607375947832484
18.26449139741295
32.274298580505715
18.34178919987375
11.912096602748194
18.827499258836163
40.268516364006516
24.876490737280847
19.313181144624508
33.839621869652866
11.823880185419256
15.23020742792886
32.88551765256149
25.21294226245943
12.507556700611733
24.612173626888783
22.659131804461783
13.45634719269185
24.783716084315444
31.532064187913583
39.56664460724177
30.475435672820947
13.455891972762588
26.38372678405992
28.962927816819665
35.84955274800678
21.85831530290391
10.688894609798977
25.7313321694649
8.976779243510812
34.41702469161191
14.268420749184367
35.641531309251945
29.09248862870619
20.370635212677314
26.011196009746058
31.18819859775896
23.52236058472223
17.84154021775612
26.008533838914918
15.313970774989345
18.65004362141521
15.311491584109268
20.212625320447213
24.199143615260716
18.466405793544915
19.909625358164377
16.715271663336768
16.68051297169867
23.890480459110524
15.445604616505722
16.68179848062726
15.026548311426918
16.838897069440563
19.568136807343496
27.488890323975877
7.692351577681804
17.444701010987988
13.552988893063691
25.536499805527527
20.635035267634326
19.90594749419157
35.4506858639917
23.126457911970586
11.26172189975512
11.791227974917453
25.278067906662347
17.422126674686886
20.80876570892087
12.422258835731396
19.933694980086493
26.516643362467395
13.533615046446098
10.730701073575284
17.50424490176317
24.573399264110197
30.985027633355443
12.752677723043947
34.296612695402196
