26.203270665083476
24.960781835984676
23.652605543022563
13.791943188459964
9.98978437764749
15.502522085099693
15.035454683135834
24.866256325721704
35.68477850151748
22.88360061119303
8.218062588438231
21.66009518260823
21.095475288841364
28.43864429536136
24.599324864860634
11.542388474815235
28.131117190985805
28.894232422621258
25.82876006415703
24.35137512116766
20.26620757228619
13.784899216434102
17.650777756823583
23.3174436723604
24.953042164878063
6.182422188226082
22.373770874976145
34.79102474719389
28.256020893329467
26.242500043986876
9.80999301962184
32.69505831286212
13.30490935334105
24.856790292226933
13.163478218540888
13.008822875602142
13.506282700913603
24.462159224247955
19.816569447625994
25.23299459700165
10.538922926527219
20.467951462452817
17.32693222797821
28.20495828372545
16.028826040322077
22.71229293369908
9.498991088216243
25.032475650836204
33.21006135028917
19.11997905847235
24.952821926558418
11.636937131881568
13.6449176809916
21.757381062495163
8.814494716843749
11.411032220348647
30.096270850670553
23.359793919875383
31.478946536264274
19.23985186555305
28.522515159678857
24.541949107897857
19.72683647884768
27.061021058446563
19.832075791070213
20.51982407146294
17.638256836436824
19.696744691114922
19.393322690009512
12.189677992700691
23.416288619133947
21.063769424086455
27.57690567384678
15.64354271642888
12.942014228494632
13.658936117270164
22.540391724680116
14.919579393578532
20.79225322943298
11.080020979281977
12.104368622389607
12.340230300721757
12.407064525660362
8.595420771660828
35.41306845972718
19.563752415851496
9.182642411592767
13.35737830332694
10.56849634021062
19.148196933586252
14.192716894829427
20.40700659270335
22.755157799961747
14.708386033870175
19.154282264554404
17.677985637732018
24.21906267996942
20.674128670580362
11.595710721515117
12.362486211941079
40.97777303341917
23.532661076838902
12.11238710773848
24.002564317347638
24.44734166373091
9.355143644039133
21.011202896753897
29.97164426758842
19.22621684298369
17.82119940075905
10.854126276962244
13.676746892420129
21.39535615155784
22.267824013396652
17.97148511830283
29.34448875411691
26.319726879439735
22.59079247792344
18.331689602304696
25.267616445974074
25.04277242317535
13.550879147533548
19.066745114297326
14.633967826265078
23.208211268946222
13.548492461168223
21.844944076037862
30.703183031336568
21.416267482156325
6.43309705589187
11.383121461354541
29.61458940711501
14.237590974706551
18.457460545258325
13.600453709124913
20.566122128823245
7.228732518503984
28.488538489860435
28.025125018036057
23.778896173540872
13.51468160056261
28.998026850747035
10.961844927251942
28.60600377230055
18.17972421780023
29.446970443412916
27.90719773076353
8.867335859169769
33.2917289448277
21.184376424438103
25.379448207949345
17.663617565913594
29.094796322049593
17.055438697919474
25.281083191978933
25.84266402208624
21.16668680848469
13.285027038946406
15.21339037487131
14.503674229853099
9.77242250280515
10.274324504995768
26.391814271358395
32.25678660777256
35.24385302330745
17.73610630192256
31.57646989312846
33.10922365905917
11.784683941044273
26.910169095329316
18.079877820638647
19.306099620388267
26.1739750721501
12.072274808236834
13.65839990350623
22.2668373433748
14.988494880580966
27.226478772686725
29.2680934451193
17.44357612150363
31.9632821471046
19.67175431971989
9.884886628484153
26.4569542414688
23.384484759825103
26.977575952016252
12.053605180678685
21.867097824624068
29.527584394790708
11.728496172075017
27.05260637457915
17.13080462333647
7.769130506227524
12.366822042539754
15.786302008937856
14.422230616463905
9.535609620784717
17.430518858036482
11.664346059537307
31.533557954050774
13.740559268027678
21.628082419528333
10.398195822865597
20.48542884498318
7.165858639674208
30.182802272388386
18.571476466809706
27.153212829891356
20.10291027693315
20.517792574651267
22.85918527441336
24.399390210549882
4.130843941942883
19.27071475491383
7.2591550668283755
32.111632855968516
17.696704957263428
29.5889699793844
19.542138682328257
15.33187703634522
25.31037277920352
13.669855315364282
20.983847505759396
17.39691697936879
11.267513234569225
18.717357813226695
6.079757540813341
25.976611366731305
21.762323120519973
24.31462413522721
13.210563422466999
38.21091066322986
18.15042980745123
14.71263638886317
10.999073416397733
8.771790806041906
13.58315033994502
15.382766895608256
23.933375302769377
16.237442616838944
15.721897139245458
9.739215398344863
12.813552975916231
25.878340957745227
19.01990379352747
20.087523226194783
9.450731415962965
11.82194415974211
24.457925870176187
20.304609489032266
14.850097937991379
15.23637421719287
28.779006509383024
24.323763087788933
14.33117614525775
18.22054105506099
17.42554819897827
15.34556506097002
26.797236665862695
21.885190822199387
19.53321373621266
33.05266142183446
25.693099470607894
28.957759098683837
12.455899861578636
21.42590475931674
15.080226914822177
24.879334288095922
21.709286205493953
18.846798343267874
11.981406369301292
20.41031692148199
11.287612374619682
16.522841276205945
13.249890054071242
20.980264410922633
6.67733797252929
26.738571783422536
23.584739352207855
25.57898768241936
25.351477174671263
35.06590423225899
26.024283930804547
18.547926939025373
14.309573953804152
12.888243349516442
20.22026935421745
12.48014656731582
9.664177139294525
7.237587368904684
12.22664723250555
26.845626421529065
26.228367787654708
18.315862216284522
36.28978753200102
17.799569314695077
8.28018173974307
15.78857501122643
9.754464398670052
10.312307348544714
13.326745757299344
18.514348487349547
19.59468416230287
14.901164037714269
29.42305284250983
18.392944729124427
31.879233536238548
23.751178390742528
23.99132152315993
16.616515323426476
28.283714637740086
21.22030356179763
16.49970517733991
22.46079556514893
11.01806942561248
26.004127932782655
26.392927399595663
14.34159585277178
13.644454296137749
10.074003874773224
11.121351569818197
25.475459621470858
17.54409227165049
16.279370574784775
13.468922243266919
13.749137636506576
16.074057768666847
12.088889245794993
18.84917625439391
23.4869916460406
12.042008589500634
14.946481236005964
27.244345597177183
14.975411923615642
11.790438636776294
16.17045875867578
18.5429129591988
14.210429201212396
32.210086216680565
19.732737815280444
27.342186443866503
25.921303395418175
5.504507767561293
13.065318966803865
21.83662716077088
26.95419737804775
28.971555036395547
25.988411622555336
15.236687764027247
20.4877812382222
17.73206319640695
16.450264794849964
22.211912658722454
25.656557894179826
5.911360899396684
21.977716114404405
12.903937879438137
29.774380293991168
18.893186829787236
37.28401795932834
19.237473487917907
13.935352891434066
24.51458036983579
25.14516772169846
19.278922324483595
24.51463692966778
14.846655161170824
37.06015107119107
27.03023105616926
16.08281120552091
17.71655863006023
8.153622975777479
20.646142016474876
21.805984903273053
12.947649935246377
25.623175821737345
17.099846405475134
31.563742438753675
6.991668818898807
4.619456246099415
13.43521336954527
15.029962867598123
16.06167955869497
20.66497329202771
9.812308757563637
20.533498115560498
18.967029353673933
19.066688342511743
19.16083903403884
10.64203233842536
17.458010109979753
18.62308844706599
16.35267330037489
13.94921886943423
12.988112259770977
25.418274001213607
21.344537407347797
32.13778790091237
21.81356795403859
32.98559571159791
10.370834459872972
14.757990659890709
19.68178945648682
12.232594181939389
27.828710337505793
24.35103092393528
12.200489478930763
6.786632329578074
10.504971031652227
21.829255241198158
20.108089511081143
27.240929425932414
17.17985661901701
23.667091598662513
11.907260322346133
22.24263782306173
34.09581917702023
30.6050938177183
28.6264026065994
22.13392555265954
16.226523447882332
31.30647150364503
30.78445618625235
20.87884621002973
11.021962850828238
7.429954152059543
20.56633404989251
5.955724876252465
7.412165954170314
10.192396394075582
20.38518464850195
27.01561494671621
24.687309662228614
21.95922829878755
22.6800078090665
13.745062730808458
7.802044505207877
30.477441446918093
17.361083123299313
10.717923996895557
14.747682999632895
30.046318157687942
26.42216709812918
32.87392373902281
27.27432104548696
28.508145771434815
11.759040013033358
23.249573472039632
17.41452996950373
24.535891197443256
10.955600386169225
12.954278894834838
25.590098958879643
19.9691862591268
21.423583275486518
23.599309883415994
17.22185034848379
9.944150031778486
29.016124808933956
15.622991046406067
14.6606012134186
8.606683208381307
17.842086959794724
31.629714375457233
14.361268352211782
29.15757568140601
21.6811103143671
8.602435261329623
24.92327004626423
35.46064304847902
28.50663699694185
15.870267648285074
13.591948766776753
20.343533282718028
25.927453540083214
17.537012975829278
24.06516558717952
24.290509655680914
32.60298848232378
22.86024324950624
24.118733932182884
11.389730066666727
27.622371151500676
20.842481345413127
30.083970662060107
10.420414044907718
12.235496975917949
9.581121004761558
13.926983926181961
26.90354058465251
24.74354282192859
28.74329903158976
36.72649178655382
12.640720736211295
8.441445991045692
31.110874104951794
21.82277436664007
22.199118419269716
23.066379773956147
15.754326607881987
25.15595312474556
25.560500731031652
29.45471606163384
25.24573684834541
17.177408488014365
19.50735849785522
16.81453519072974
24.257431330431274
9.839818361601388
12.018895375317578
23.682536880449057
7.5357492581318875
23.516870730131224
11.175763576453635
18.346907625357204
24.57524451465988
20.155723144212786
21.28241999704691
21.63342972828812
11.456318586115849
12.811163934894864
20.317329133655093
23.74494799525613
17.781240759248472
22.652146387050458
31.134966715159297
24.525989663283806
16.941023215554793
11.311230853705986
19.25841564327165
22.997394348919492
23.689710104556365
22.60223500183742
15.09719501641099
11.766145672421056
23.214607786826832
16.17795982015975
10.08723674177744
25.676041765728975
16.106011016037694
34.9307434261362
31.31461027009845
25.433059695284264
14.250494482203402
16.592827795925814
23.630277974098288
29.055730187888887
28.610331354894264
24.063493246164413
21.817412932905057
17.541428513660332
29.531683960424004
14.6186046162527
35.97129219180161
19.05220080106774
13.0817922734772
25.482618557913323
5.445195232228383
20.57367303049969
35.41884485692875
13.667662079053757
35.15433786465603
10.63474395397375
23.42071546164155
12.928847124624621
21.534275329515644
17.831856339813953
36.23068829425273
22.386092972918114
28.126834275211653
26.24492208001033
34.813732640179374
28.07893932135217
23.465976383196583
13.14938824755458
35.658056548435816
22.75136708283259
4.840233435817636
22.676899797432796
16.860659952866275
28.05044143465792
13.35046667675825
11.738463218798701
31.828152725772128
24.290263658764736
22.971994344313
24.54701140307258
30.134458238209323
18.277931711871947
22.51154756101552
24.992104412922497
15.900090406478009
8.177394110492925
17.59573016594729
17.940679783933334
20.350776306160974
21.059667641195677
28.343056212150927
19.915226979380495
23.130164025992634
35.9638790349929
23.146707119454113
22.816254899817416
15.672840341968495
24.667643479481097
17.257320321080446
21.93479379900998
11.609980764117799
25.630131496353194
14.28758908484206
16.147053390729056
8.49624296179621
17.20349793818513
25.245113012168378
16.2653675362245
28.032677342667284
7.8680690487749
35.06151035663598
25.400970073159453
18.424646641465554
20.644193453443812
20.964410091960914
15.281388402202246
23.661493958531153
11.516317926489128
12.095140568904444
16.973392618200066
13.456903157716802
22.667473757517943
31.963096328730792
8.547400837430196
26.49587655753706
35.21780643900934
21.398612904866198
9.383735503371142
9.692582525181052
26.658398731207022
33.43652083891875
23.852365464038908
8.701020156208417
23.19180441940682
17.652566242365886
22.300689083412404
12.016180875793438
34.053619864633035
8.815084631594125
21.572731399423766
21.589436227487226
22.03289975480646
16.851397987902214
28.4329345075199
29.4885732631626
23.91674190587302
7.812470817706061
17.054462544106247
21.884206478634574
22.483530843098272
22.54472417862753
28.349787415198772
32.545747721129885
11.827094006197575
11.737425331395338
21.927362271203073
22.86988037212337
14.335770524273704
21.26781617279978
27.06610482965712
16.408115343879043
9.991013156199958
19.16685001723157
21.573869987166248
32.4620317137178
9.039100938906032
11.43709803167887
22.86136681366651
19.171927684877534
10.179161478158049
11.715979363073792
27.225179265920207
21.7405997810661
22.537875957196434
7.663195940558442
19.915107774017812
10.169127298640532
11.95577079718688
38.00796669002167
14.456228755954951
30.66560529610837
15.221436036142014
5.981553351668526
12.84503128992026
30.75208001215982
26.42244255306519
18.864310356996093
11.958571536921129
19.291211963312016
21.32416834174062
34.41064903762411
13.825354240371091
20.818048941434608
28.72433757370098
31.588023022600343
22.604093066243276
20.808222209860272
12.836821944454375
17.268299405868273
14.052205784622087
17.969714851045424
26.75820387264022
8.170813987804873
23.515231307983946
16.31458842398784
32.15796920717457
7.988110911359952
26.52172533717817
15.735109521172904
29.616906595545302
27.0193502567033
23.263673945980006
15.644196907987691
11.028428331732954
13.63022260546582
12.674647237208871
13.811647495085968
18.184250937773715
23.246856371916643
17.802990780389106
22.449648429273488
27.04621353192181
30.201742501365043
14.252520777485003
25.962063106398922
13.198091228163806
26.663834999921313
25.031056625825393
7.910563353546511
12.887051411260261
28.479438092374593
13.876470876143031
12.779719432628761
17.451271671732112
17.554613592148723
22.794481817549745
22.81004527690116
26.77994817565478
19.93764984335217
16.108222234026623
6.896853027473036
13.534679464146846
34.11231168062482
17.957776051508297
15.660638905849943
25.941114050909132
19.483389054579757
22.09384389681093
16.007752600001464
17.006242733839247
14.865415522611267
21.426474356113967
28.733709971634926
20.159061633226663
14.941157721290342
26.31539022504533
18.76387158958447
16.474918651055088
16.807479986879688
22.038814726292962
29.983738765054255
12.400836752503103
19.36627213982021
10.682166678947167
10.909708978950752
17.157858108604405
22.89799844768681
28.257640096965467
23.609944232982382
18.20662609002964
19.457836422003865
35.44675574513942
34.88718562399759
9.036866017758213
12.387580770679808
29.4708714283161
27.684954056757082
27.902868178889232
7.257461757733095
15.127216442597081
19.285058001376502
16.736124892486785
25.64710322458548
25.246749507381097
28.954321057826228
18.973559995058576
17.742987485392998
31.01137128607948
19.082844928635534
21.307805246293157
29.283178856288647
20.472036724445154
24.98046409116887
16.55288063326895
27.27431731967013
25.35251207121556
15.381338812515802
3.5907020662972164
18.940148819308604
25.385369740270175
11.049613014720464
20.03509978216621
20.807589194259986
11.17400616599141
24.806315341036953
18.63050697961444
20.086400617708495
13.260120838796828
16.75136093710551
34.922530490450995
19.93101547551106
27.676436858231643
22.467913162533467
11.2282837603655
17.927540340986823
25.373263792476646
11.01910642001615
14.7964726368781
9.757785281833863
11.990605750348422
20.638885810712164
22.750966095027017
11.298734004925617
11.650565341489262
27.130124808174937
12.734991280367435
22.841125469280993
15.370641245560716
18.175783443034753
10.210205557698593
15.28565125073571
19.549259996295284
19.504808941372694
17.648733197059354
11.837463234363987
15.746883323472
13.601962676448876
29.21342351421593
22.313929891791407
13.1799855710828
12.810331653405571
20.201031338416236
18.302892695134826
14.793480836338757
23.71775871748089
28.698326719389016
23.933028371663063
18.169551726745006
15.906498070134344
32.24422814748128
14.78039592003812
18.46043758254614
16.31012230239177
16.134160935185527
30.16585784327932
14.015744255326
14.472112585102197
19.259988235810894
13.201127381392604
18.719225883234905
15.712833212333395
18.044622734442765
18.87566761789993
16.882239399753868
23.161269118403503
18.935843062554227
27.739482480244888
36.791867941602774
15.970379603109079
22.771168985901813
22.52090292859102
28.34699279498167
29.715404598646074
24.464011752891757
16.0658004746788
9.51333343443117
16.102389387204884
19.267089795698404
9.87596222009394
14.389568297723075
13.882407458805046
20.11479316810348
16.625652849651104
25.366238266548738
28.088840858740284
20.002193904061347
18.43995540629841
20.595496524433635
34.31367968159593
26.944058894379324
17.092337282813475
13.780668916259298
20.56519519323554
33.273582442003296
27.95679554648697
18.435969736557034
26.882297648311376
10.475943214368606
19.23453968640419
19.655258016479216
25.574565995491625
34.41780430094627
13.454650699269523
18.230108875492107
21.59217467333148
17.557057962459503
13.390495538238952
16.347103145815176
8.474095129786148
10.690666822593412
22.91301659067048
22.83997309258454
11.221983187396694
13.714090956374097
16.274939534916992
21.17173705067627
27.911185608297785
7.765024061084802
6.283807967890235
11.690933171709453
29.816356875667605
26.01001048032589
21.717643048146304
24.443183751967084
20.352716169561575
19.344747391847132
19.3894375939111
15.479589697969061
16.08842305983421
15.2283591839272
17.9369025120895
16.395690597585183
10.570424719539892
23.334995826368665
11.272995345281682
16.390196460412803
20.061214909576286
16.721683023871904
14.927511923315574
22.395176624887146
11.825359033549741
20.469622267884553
19.853982819361015
15.203201409642585
8.327742354563881
20.24596042125877
22.33150616463243
28.49062164797117
17.096873167423574
25.550833784958304
16.89861704713266
3.8011125944843602
10.409023279190755
12.06751022357609
14.261612389655852
27.524352978595356
19.924079769857627
26.250691022634154
29.567555382232847
10.312514680865965
13.35777164047769
40.88611721972413
28.629394529084735
21.720476527059784
33.858324466715
24.64388316134886
23.681173730097107
25.32188226049178
20.53920480769751
24.367707750435866
11.448429542357395
21.671556681288298
15.37321374095362
18.82170358947165
22.993551245228044
16.917484242744013
11.690386292396287
20.489148668998684
8.451179151348255
11.695960661053677
22.999743249012663
18.55309476124869
27.0996381267109
15.027817161523672
17.488007009864717
10.455879393958718
14.555430087005897
16.505552763463342
20.449111188530612
30.20386774962724
16.7180112031493
39.31782038982788
10.81521020110351
15.213081105316725
12.856046645260802
6.708226750317525
15.652006579472998
9.303407473640071
18.763368724722593
17.38623479328818
12.074453460337228
16.965250546611045
15.926680985360727
18.58200681813866
19.89077802038833
5.61037439868407
21.952994059851434
24.979287779576616
30.843262360177434
17.507873817918675
26.387750986151406
15.620379015315645
23.107214859325236
22.853783989370807
11.913246912842045
35.05091488072509
31.118758598745053
24.822207527349082
27.94529494581579
16.329858496602483
29.355353056376256
25.378946906596703
14.487899737587783
16.942696205103953
20.691284418360866
25.866178693714215
26.523648407599854
33.895731590025385
18.363205125937665
10.463140484668727
22.657854939306848
10.220002701083274
19.744468061771926
6.503673797670896
21.647682766360806
11.227749962693732
13.189800531963561
30.924313541017476
19.449600952518544
15.06511439416394
34.860488827004865
11.99800371548131
25.82375075349743
20.107363290810532
8.7258718909485
20.785836271526968
14.573153239042133
14.694366974860161
16.787755384451557
17.440708914405956
12.650458033712288
22.21902915895953
41.863751149534735
15.87905450899997
11.763207937470604
10.93233467808694
8.992487772973123
8.749047215368407
18.03115458895597
16.598400094174764
18.017052001033214
37.621546235891145
18.17189936794353
17.85480378488904
11.257376959399052
35.78461300268122
16.01569571810006
22.834590769713245
18.28182809454063
15.864799067592752
13.986468658602838
18.06961684050048
17.055982893303547
15.827370221619109
24.518175400151556
17.836589250174175
27.298033770679954
31.494935431349585
13.507910903919516
23.67796936668328
27.974384636982695
29.6285954911401
13.863945281386023
23.966987412020092
27.213093660090426
10.177007439590765
22.116676275390518
12.84711966041205
22.292900990586563
13.256268401963546
16.4407932891556
21.69817340401586
23.22199587276671
16.00349937455587
16.580908593221622
24.695584578226335
31.60889751056326
19.75968276914352
12.170606116035014
27.469287067636504
34.66865494714686
23.787802802127135
26.851068244165084
13.53945954074372
27.637436569628026
17.865898327950713
25.503287484013647
35.77792519021917
27.193281635582306
11.522372273037133
20.49011779038536
18.360778566705193
26.082345807786343
26.294226153646747
25.115097973510625
25.033792806419882
29.1465460177113
18.935702566769262
26.479978427729254
14.679770493074354
14.60743378878907
30.953999877305666
8.838395586584564
22.011632755685937
23.149060814221823
15.350021968246175
7.522506416450287
16.687890640959793
7.664778969689521
19.92950355995321
19.125099487101988
20.894498221385835
31.18210338143513
16.46479860187769
4.783825575362308
23.33688989940876
17.726921311321668
11.604752507121983
14.967564712895925
9.273992210683927
16.579284420616467
21.751842628993188
14.76853628050573
14.711638653462881
21.687123312528353
15.282005916269293
20.101016036533917
14.121889064172187
26.13957962914828
20.95324184588511
27.892793946688993
42.51433826404691
17.98255727761747
19.9301890745212
7.2209180332137395
16.749208769000163
12.220717665564692
10.672305875764923
27.836436651837282
7.795147801486817
21.827349999032318
17.782998592842784
10.159312285858709
22.263483963824235
18.84516975990142
15.096810067837449
27.712837212675886
27.247106885810837
31.982223364227735
36.133701985400116
21.722167163672943
16.073984912819768
32.562964299557386
22.01358477853952
21.39828502117452
29.74872197541478
22.62072846898716
10.840591007290858
17.861414067338828
23.843622325968894
16.658975880218794
5.026465920836886
20.678109506692294
17.097117329234816
19.161105141508973
24.7814110823677
18.42963973210204
11.848897202259545
30.61140617894387
13.048386941931298
34.182426124967535
5.804638255787845
33.54481121830513
19.60827903526244
22.842070952289145
15.649051133104297
16.526309695518957
9.09449723972198
19.74420366226603
24.73439513927658
25.552537641188348
26.439615043628383
25.336502362126517
22.54860703572823
25.561512497509227
20.07784715977086
19.588997945796976
13.79129845119778
25.750159290577756
12.448299263909243
7.8487591553362765
21.310299682500325
26.707722756304857
10.801332447194683
27.71158387367043
18.825324584176716
27.011532056725194
29.929755184092905
9.480907164074846
11.517017076907676
24.533332738846678
22.014041895930553
10.759555958945358
30.33000724730743
22.730470195799906
15.342660502419056
16.876046521521005
24.856331578268804
18.205196953861286
17.05591056349932
17.671431830153086
8.308305477714152
13.214800496412746
22.135403032998795
28.334467521028706
12.431515864845737
8.822729047040468
15.628821121254653
20.80659272471532
20.89787797211631
15.940829759988878
8.96213432116544
19.722182646807042
25.93302715165635
10.52698438317881
27.937346975594846
12.875298305238292
18.135034880506762
7.815309545473349
19.67842095596918
13.97860828492544
9.288376576456812
34.379589396042164
21.578920325366937
39.11724361442827
21.865861923494933
17.168809889920574
11.556175213509128
12.311193102911925
21.36511094219877
14.91351677215528
16.721364201278387
29.140884832841735
22.201140255958165
35.14543583802201
15.334957316372689
25.65455279211478
25.97922288259774
6.856244327913094
15.393430112322253
28.512393985852395
26.757365971031184
17.81404344129701
28.8505777900142
21.07599028973082
15.750601462111288
19.432617415306023
9.755656145749516
17.736333150554923
4.998562208436537
32.861588387528144
21.019841872332123
16.74763051553708
23.824048900223016
13.87069578502838
8.345203436601425
5.455449531209823
24.510193627285005
20.87933530583159
26.27974441564053
25.597414333486235
17.323391305094212
26.60819260560228
19.367016567072234
22.787816875440303
23.307365422389797
10.259734657024914
16.923138295501516
29.016662475883784
24.963616380158697
30.67753663866228
30.657402963353213
7.661761537499613
32.61342541158021
11.531037213746156
24.11144528816689
18.285570780820887
15.6284360770742
7.087669783607256
11.451091455330841
29.190778900238847
15.564624133308357
23.62106196549879
13.50817181890085
21.163689080743563
32.23146999675461
33.778860886437336
15.86200738028634
17.5527841545142
25.28609292656151
28.38508372978991
9.054677174221458
23.433897714194654
21.186751586969795
24.437410126893365
16.295041870573403
13.355066600937706
23.834624287866625
15.979478960403418
25.422343780929296
17.114338583824498
28.660532039939728
16.71146900588383
12.309484899574372
22.85237704700505
25.423521930931734
30.942768016308364
9.242569039222559
30.63996813306456
15.829418178586124
11.723279893317514
33.72316199240664
18.186873594149162
4.760977599523996
13.514010001838805
22.248745801705187
5.854601808637023
16.31090940206258
39.332359588618196
20.26136442564144
24.562559071913217
21.699042452308863
17.756464871648994
8.338851098743143
26.06166502661171
25.31006851955555
28.190921008985736
8.777591426275727
15.179452242339131
14.699652361146216
8.89115600550484
35.88124448716336
23.51595223984805
13.880781743080455
15.665441454383062
33.14676506111184
13.968636862166717
21.51591537975114
22.892328611342332
19.67240833410764
5.6005208903100145
18.42273909080463
15.235513091467315
21.496173427643583
12.550916083434561
20.052016270109046
8.604139080913368
19.446678722921472
24.833157324161913
17.057518471358097
18.944117010993054
36.704384896883575
10.840558391284526
33.566201128016154
8.613945478452015
25.953943307990297
27.183742894284666
10.5195239970216
21.25969944160284
25.65490436956313
22.72584076204744
31.375058093273587
24.602681781932787
19.526307524569432
27.259414824781945
20.852908233266973
15.714987082525042
15.116661162922103
17.66410965038167
33.35164172512979
22.08660397534116
11.014385632471951
11.283854835220989
23.415109045723824
29.622441767823428
13.501585007892666
9.965933752142202
15.349525921675406
35.79217538313315
16.247826535932568
22.570705131632067
22.965484099858894
23.85850405916795
39.03946554132575
13.265916411281463
17.246394648364706
16.95155737998538
16.405219849317103
8.277434867935714
19.333743298450702
6.274069875035068
14.713083984630709
12.724528049616143
15.666511693292986
7.853770569830046
19.965371764053476
15.01147989974263
6.670471296104571
14.968228019576344
22.99657983671703
22.747429353089114
17.563517502775927
8.318506508605841
12.892939194776128
16.908820539921635
30.709041299799267
22.461895636484215
26.701742071270846
25.315935569937754
7.952601696474736
24.89654301832544
25.395902807874574
14.752359894828624
7.035652079982478
27.93496306397925
33.310409055457114
16.167173979396708
15.217001971183292
21.701048720433135
10.482823963917355
8.85846917560272
8.71242415264504
16.2491893634855
16.985929168974177
29.56776184676553
7.978228685612774
11.01487601439187
3.069759366621088
18.326000640583505
27.78366860311159
10.652351856886723
24.781251964483126
24.019807314722257
30.486716565691054
29.65054830772181
12.962202504601755
20.677137167194942
7.2855362571960995
31.1845812826398
10.530584933779796
12.320364269672051
8.920034340980477
12.949485331125016
14.350848182643416
24.364372434319463
17.01245485544601
16.204708835193976
23.32055125095482
30.758363482646676
18.245808114701195
17.630099516199923
26.364134284091506
17.656533555694587
19.763651096907985
39.88040446331158
13.18357126228318
17.74109677550112
8.941155690412849
18.33145035776789
27.024677063803516
15.78512676546085
9.048894849101744
26.857575941083663
