18.684622167414627
10.50760654068094
16.699034754117825
23.926240368611847
28.294374035325806
27.21027413968051
28.253185480693702
29.46024473643688
23.011182783796276
10.505925349142625
16.054605962366484
23.498487844622037
23.054669939100137
16.579688551983228
14.42478116794741
31.33270688967024
15.335698832035028
9.427178298662499
23.83044998986021
19.197408942150684
12.99040613353711
20.54193107823994
7.964239926843141
14.595225892478018
23.511039944947488
24.840068915227413
16.888678243228547
28.682910747055956
26.237333627658323
13.680404835964596
9.409902974446494
18.835397523972027
20.256029907614668
13.971863157019772
10.642932948087577
13.359717266148719
9.13771834204441
4.08504080755768
7.135920018177761
34.50199222178293
11.161477054325672
34.92078984501827
27.049417037032345
32.08318654608323
17.256091444141312
22.59272402606047
18.41540354508631
29.641475331756837
28.361902229233497
28.132124148648053
16.347195492771345
18.82135349783091
22.904761788575023
26.321524380069864
14.223157595755866
27.142155826006622
16.1433349556289
37.13420262205213
14.125663272785717
24.51789800175811
17.76340542122686
26.687421702097634
28.43512743752608
27.31894782700445
27.666546965241594
28.774934674734638
17.14758619460299
32.078935202631854
22.82675089152728
21.343778524777267
12.005197870585649
27.770783052515473
18.21317582732958
10.90830491618347
25.863130869395697
28.67683214530643
20.90538748248931
18.86489847480176
21.040633347812616
13.013504924174976
28.23953474146093
27.685855090195048
12.085451481273305
30.86860336330538
22.57273233017636
4.23833990799152
20.68110727488916
11.674357652041943
8.011500006901185
18.97929784423735
14.267149086507443
21.600683712368554
29.636165951857084
9.241238219387618
9.170224427843461
23.738450627904808
20.70252481266805
20.64018677766933
29.25580903894616
29.040292409884422
27.004307863848275
14.486559107738243
21.61178587747722
23.144105766971187
22.619957397459753
11.15288010704829
16.65656876705788
20.574261043513694
9.792567655091357
16.780287109087823
20.24814675922113
29.218523446187273
28.21944020714112
27.825630432117425
12.980534550999609
20.873894890911224
16.54687306824598
21.421183514461624
27.685563942390576
25.47317920849515
23.833560095027284
20.135074842037593
29.592213065078816
24.269607271873536
31.787239867096627
38.41811764455842
28.616150543470457
31.710005080361544
25.249635686643927
18.30102201617931
32.904692159883226
4.102214329061128
18.945081935542014
30.139436668068686
18.96119486155186
15.997323737771689
18.088502179183347
27.872238621066124
17.072241092859652
17.85186107964272
16.447828949523185
21.994818307195626
27.11381039301738
14.111519327706104
30.518165621624128
16.796842596810677
36.632375651216755
15.444275576778358
28.20385810308113
16.009965987754086
23.551276565480162
23.190068966192523
23.422057508460924
38.16047291077902
17.012265056527742
21.475475796230576
20.53955158754326
24.14178964514949
15.017117967254398
36.47656968276838
23.55393088006631
23.555521798436814
23.027298465229364
7.79473771889156
21.353097803450247
19.038629298730644
18.152853988653874
26.81112776243953
30.919253945764005
33.865410268846475
18.396013978432574
13.897074714286415
11.215192658085364
15.894169179755291
13.770594301223035
22.340614547694678
18.06752066961913
15.823535723766508
30.69277193631492
17.387642308338386
28.381004166913396
21.566510166688442
30.787352216540075
21.023333960330067
7.204142833372936
18.405147905936854
22.93231170264071
15.864505521486965
11.64659915367659
10.730903991617508
4.9341131874524375
27.04847422527983
31.318489378281377
6.595280488571553
10.924674415888378
12.51705100235087
16.45181322240628
17.675955736938093
14.471138088416367
8.523990723359551
22.986016624934695
20.09380543406599
15.428886722545558
33.78488211417451
8.689627261055893
26.89333581131869
26.650868573715297
23.511126107176498
26.016993442094105
19.749311538665765
24.439427359933475
33.01884574578629
29.169810185128664
10.294225536029575
24.34590836096772
29.818321137377033
19.39760710926929
17.133869733558555
23.491618262404028
16.462865427661743
7.962557950849681
11.625367213065465
28.965205165387886
12.259800584249412
37.82557031952085
41.06148362676936
17.413911391790762
13.109537492963284
17.48176011087556
28.415642551528958
24.079396640503816
28.21574501784493
12.06377036613563
22.26668541992299
21.059040005536144
30.00664190395504
7.915680926397069
23.880733312370612
28.57922728842345
21.21420501151814
21.082896610897773
21.142364916027194
24.443306861145853
26.28171933503045
14.360530908697216
10.822445355367314
24.114637816245246
32.61158127067831
24.186994776908705
10.130781575931922
24.923517044871534
15.359207380040282
19.638455294935405
13.60880861793164
22.61952271175471
23.489106683449798
28.4869862270497
30.543235591276957
16.37772669575682
25.689255730509025
22.78889205814691
15.737856834834204
14.481860929746071
27.43045932494235
24.894320437601394
16.772529470279505
20.613363810408522
24.045272057849232
23.196910335903386
27.05079099825882
22.324987814497476
8.634586884447488
18.00318494743833
36.20281489073666
20.34396309412113
22.023506826634584
19.44221115326931
17.609651680745543
28.27253669421809
31.97553838164222
12.894930333697221
34.51311330167584
18.9126158710631
12.326917649881214
23.577821448751582
27.62900623946851
23.46436443226107
23.769143969091246
10.696257991512303
10.70935056456622
19.983623764085113
10.306052062594931
18.32168626387877
18.076455054506454
33.53644766131028
12.919027613177583
20.24155846046672
26.149341537312672
29.57894427951716
20.4138657338965
15.279098390139437
29.106230564204193
27.507107360665888
16.875628115045842
25.321522192409397
34.79772305701263
10.332436783820611
15.796083730570192
23.29499180010848
26.435557475284103
27.75914912262248
26.640636893383732
26.52267815911296
27.126665352409557
14.589301914938254
14.135884890661156
24.331725035013267
23.77701422357533
16.93351924014422
11.694733443713483
24.24944398090393
13.375343069691443
14.600961083876
11.267614531110675
20.69069263537435
27.022252427437436
12.12208248340729
12.936416773057422
26.623862674958183
23.5370391378515
14.982738926633978
15.940549589477786
20.984930612969997
8.080205283508272
23.478622556989205
25.473485591518806
28.89618099588286
16.6367598916993
33.82257817029853
18.38977968988867
43.10197443780192
14.719940386716674
15.515815947538915
30.445249513936023
10.561605280073016
12.093821024316638
16.141903651834937
22.431639333971198
24.307014029655736
22.145129508733845
26.21039819216984
11.04924904913567
30.294120308330562
16.68312365390065
26.770696801631015
27.42619630958154
27.155364576220933
8.91638262635713
8.212037914163917
22.173826353908474
26.62627764351965
25.824327656166155
19.667999080491946
23.281598416584018
17.17922409399393
16.765855717393325
18.08611487500593
16.117548124937834
16.64715644791462
33.40713293808211
21.933272204597547
23.599308868047597
28.069130614168404
6.065600961056509
27.565729218375818
13.899184500313883
10.316540054799018
28.163573400005856
19.620840953229738
26.88969189683815
12.444706670062471
24.661701609699787
17.03831642539344
31.552797894662838
29.184735625309717
20.218289996470272
33.18872566472966
26.279322609564115
11.62014828301649
33.37976112612306
24.449096835986573
36.72764896779445
26.894823206593834
19.9725563912514
27.65725841911571
20.84232906803071
5.660983874919144
24.96881289795896
23.131917594086502
27.31314712900132
13.057103967118781
22.203700006448695
16.85121559608051
23.888667244703488
24.61175972612927
17.21735305506517
10.722985049360087
21.36774102242568
24.1611813212127
43.43534796380777
17.77144891362381
4.2274065369803715
16.51698540727648
35.83552724932769
22.492796964182578
12.606327330824463
14.446172107469954
23.383277390612257
15.515925207883296
30.45509527650545
17.43849300814916
17.23552408890356
26.357793829566845
31.775550184762476
29.97298855995105
19.946528887134082
8.71974456793381
18.47210094167115
28.592682530362012
15.041652509838354
13.043405462128357
26.60875881875518
22.668517512025662
22.442958599808353
21.95471625629158
25.83088083881425
21.15864455075294
21.61510321273507
23.445409451424243
20.30904583581185
13.793846976323191
22.19674162274674
24.87431676738293
16.02292772461556
19.31671345496082
26.29223391298367
30.841008025701377
22.203966164179253
15.356125167639416
11.620245495578756
15.82176995450448
15.269323028525225
34.93038757465722
25.353995146990087
28.83048557074829
22.99228783186173
20.040626394811202
25.712279872247244
27.270929599004486
25.8380038575154
12.971274511214252
19.40467579106741
19.113144320380634
23.813628691997845
19.653200427666068
28.821460824377777
24.711876250184226
29.0551157100954
20.146180944114832
17.986328750801835
13.726608018846088
10.997260245079282
27.86841320008443
24.763611038620606
22.99855410606999
28.53061182154076
29.15104603326578
13.292463004574325
9.92128519676935
15.932739485541871
16.605996677323652
17.593377415882166
15.442333004942666
15.787268529819421
26.0401088990446
9.188657619860646
24.694100580118885
13.693031151323655
33.41206369263448
18.346300500955465
7.8232188891045125
7.922133916962058
17.699782925813928
8.060986970603103
17.201111019590595
29.40605109774444
22.49538328847115
24.26600024219611
23.37424774547146
19.465207875699644
33.73927816188334
28.777993954029334
15.565911621289688
15.449736007624066
23.89736830917947
19.710509280099696
25.716840480331488
16.809233749847095
22.146501740887977
34.29045560582906
27.96545051459117
7.833328264219495
19.355299941985567
21.04150737963836
20.042303333462065
13.988751724003366
19.36927031975491
13.360314384070152
20.454551355934925
22.480845937009228
21.808894388085044
20.979454344157002
22.675984213520596
12.86590750208717
18.15113808413399
38.79102865884491
23.551457310597304
27.07861093974902
29.057719611027682
31.878010115364635
13.044760765065798
19.182444708553813
14.790554621469893
27.680122165923557
39.65626009442751
17.22624056110492
26.1036434993879
26.92227498717138
39.52155164608289
13.997324107428403
27.28603776897282
29.263592813161583
32.567366919322374
19.189783232870507
11.520732027063229
24.314632685071064
7.8346732525595435
17.8621868986521
25.780798424228138
11.772804094474514
18.85368072761989
23.444393545081372
27.503188094551533
24.99877625332412
15.56688932255553
33.178456531446
19.548751223632355
26.628894238071293
21.357370537349418
21.780186621387323
11.89286467863048
22.137033731349803
17.52710933640847
19.416438556213645
10.338334065154928
34.91686187334111
23.93594008306723
28.79875778717516
24.543351450825124
19.956870252502785
28.428235762287517
11.558576212281178
19.7219075987294
23.6904046093706
22.55815997234311
37.84384092738451
17.692234472889698
10.669932058587264
13.529116589720498
17.782198525022995
17.605315091882208
27.358514177441126
10.174433279923472
11.91750755886725
25.360448439597697
19.810737681046938
10.873451301667377
27.438204731293332
9.512943807659887
13.39924308391089
19.680158189665867
14.42719070273934
12.500427491083746
12.067687011547134
31.60901370570029
11.062694414778473
14.432578557905993
14.40509958840512
24.21398957351736
10.009006994045729
27.13228477687047
8.061754232106733
22.309477451663298
15.529227150287907
27.03691822996632
11.213749580657398
25.766278774647777
25.322981893165245
24.59348407651642
16.449970159093525
11.497026900694138
12.771732685179902
14.46744513514062
21.37530937812742
17.20937944583171
22.135583126370076
29.51525940516356
15.511631446522456
15.106371118615012
16.553464276402636
20.311964895577702
24.93841512074098
19.845557597986296
18.01531822114184
19.829703727712182
27.983180585262705
26.647178636476458
21.376620879449675
21.718759486014164
27.343591478461704
29.67503490352068
21.42275984877413
28.50462200696746
16.690845045361183
35.039469358462924
39.91206050583671
28.668924785834495
19.819866910419975
17.04185851146933
16.51306788376453
29.61578336349496
25.702813699421352
18.16077536161384
31.582233079933292
24.11850675293224
22.32690334322614
9.137579845834361
14.405723148776058
24.75110591348288
21.81745979261533
11.140048755485802
19.348515486972524
18.332908958204463
13.300795188482782
37.2698140165266
13.305656936320963
7.587085269374235
8.8590545315553
25.33263773973871
18.563498793681855
13.686595436757758
11.780111308057052
21.19038868107336
16.67650499451856
33.0215269099182
24.027879841571785
23.090442683882824
25.38303486295612
29.90432924782757
22.265699440007896
21.41896698238364
31.49126912809423
21.05985650502918
18.69088948659297
12.025789424374848
18.138567094707557
20.02888735710712
18.140361511323412
19.393524044476177
21.70351535809483
19.815578771640677
24.038446653874935
12.224241624739909
11.55708716332619
16.4115808167122
19.535662487211123
12.639285399988317
20.136003317418332
16.840149195793128
13.526510421946098
37.148032301984635
21.557859659856735
23.743928194205182
21.541018078098624
9.288424855526047
24.127130034412694
25.381268950808646
25.922897269834433
5.986268978487731
9.262290791422739
22.90543885927548
24.208211789473623
30.430506179955252
8.2278230153351
11.986610630011512
16.218077625462378
11.658778167392466
23.713501434971587
23.199088167711004
19.247325361267965
18.177434925904127
10.377265354433483
18.51267467343271
14.508172448455948
12.542543436443502
15.127359076618328
17.972084322675393
19.175894906987686
18.966069640077997
26.599402958769435
25.723729725924944
8.476879592971523
15.014116722333508
12.667995819435781
25.289639528297307
24.108891243199032
4.110662009045745
34.286299639379735
24.6011696208266
22.101633937355295
26.315326622495512
18.056246169263314
19.522242276144496
22.324446647367566
30.752572087828472
35.899344084366014
33.954957254839115
32.01011378987918
13.84778486763812
9.743745307307433
18.704188021814936
19.53593784525697
23.859991760064606
25.727851580830205
17.261034702137266
18.578540521805255
33.20213741689668
14.132355159274057
8.883541520464446
9.952934760951935
28.601727069734938
33.933901469927264
20.713520581004406
34.16895235345669
11.22798447258934
12.397319143888097
21.158987927708317
28.32050354488987
17.154106207256444
24.788004162168495
25.2657855171692
12.202323967038744
16.99413593044255
22.925423356820062
27.106609797420276
28.941457340563595
20.02061127426641
21.644589154087686
19.285846435479467
8.853790988181526
11.200203282819949
23.356254880880737
12.362730783014767
14.231407754254636
14.313301466247886
22.552647694764644
13.443237970848829
22.055203401152735
9.508126772331606
15.445158619701582
28.453849326002793
18.86966951772484
26.05669583509775
14.615358243816628
23.807158164903942
23.288808232709172
21.101256529060095
27.29055534860222
10.295718978626589
23.474175518625444
15.937726638405962
24.786256199195748
21.609878375393755
17.077384755049057
9.500398923258455
17.726217201737093
9.466923185093775
21.81517805088739
11.04921799200118
22.918574091964405
15.742027227823218
29.926386491120404
26.593358538845486
21.128942492693437
22.633508690465057
25.22703413210457
15.914538605754121
41.007303856043634
33.70666262221579
19.72122595752954
20.691971533445034
24.353020492439757
23.626805454424115
16.299185505135892
11.193553336701608
16.71401935602147
15.474453897548502
18.746955767127336
14.986937337684141
24.813593526777417
11.125696278374422
33.70256993340819
21.842157833004705
26.555934474769234
26.24456112303884
6.555598806347742
33.29281507445609
23.33666000620108
30.921515000817536
42.934864683865854
26.30131527829025
17.061965308401042
16.357252991955235
21.750452678697187
21.57064948666832
25.584740864561454
20.015192309205638
21.86873606961187
23.790990047059896
29.478772491064607
19.814091208412602
30.90896810417554
35.44990250189001
20.613563137800483
16.688261814091025
26.763533852382725
16.53777429821988
16.367621938620797
19.323773421644116
20.922275086054235
25.72860044216088
31.73139996588384
20.057761239844417
25.86486582522929
22.871268451399356
32.13688152173947
25.62640654265187
17.409894890895647
18.795158366550226
23.327573265235298
10.4175981917765
10.955162481055032
14.135986173403175
24.769728500100296
37.15335020172023
8.64073064035852
17.633970557528215
22.678459913087387
26.335092346041865
19.328118185288503
6.405435390405602
19.72117726342478
26.791955144447826
21.798291347526618
27.61320521714892
14.237764039240165
11.067967562140842
24.68264214441584
26.00480969917979
26.07668186664276
17.36743220335394
9.364159536838548
29.29222265787821
26.32788971460712
21.12924191858683
29.362032514934178
15.246617500090904
16.111953221759233
16.355347026457935
23.797538077076403
31.752977339568982
6.104685350082668
19.36584904317857
26.455525331435844
25.425278008545536
12.077010458858904
20.579840846736264
29.046717788334217
12.550103779069984
16.246086686016497
23.005908957313768
4.351225937316779
30.221436145558428
21.74281008805955
26.41180610576539
21.013723330857513
17.72660370157439
9.310461689375503
25.99798858570417
31.534318722454767
16.02562552420143
24.7509179614818
19.629004465046947
20.049689575365527
17.12477850320095
13.203644231446725
18.6945718742144
30.5156467978212
11.384243627553664
27.113345226274213
15.99001654716391
22.968675288315982
28.454759358015927
18.71643828565916
24.828897163912195
26.99946139414689
12.14379816804444
38.89128298630153
35.38589177402752
19.723698987158222
13.529930802695993
23.042891358351913
13.327491964583011
19.13442181994336
20.110685710915778
20.568886322659008
18.24420119865171
19.52702511943569
21.637581005796807
27.4953069472961
16.634887389671334
18.338868752215195
31.12959269289183
12.057583960003093
18.05842244156965
17.280844169374237
16.58214792005435
5.194397219203621
17.531452228664495
22.024663768621945
9.527356189160034
26.404852664713683
26.10149267699979
9.361341547848705
29.470184587863002
20.350326253940356
26.34449474898369
23.566712745041723
23.987213873250383
23.79820279801374
11.314028041449843
28.609803114154797
15.932893948284976
22.200338144641115
16.6602271055854
26.323830487879874
31.61701771988801
25.72839705188418
19.243673013703855
26.340045217808246
13.501545856487425
20.024006597067274
6.277192432697171
18.44395777956021
5.156458200274702
20.431293172009934
30.370158640903938
8.14718397742825
35.81075191313661
26.391139389296697
19.952745942155804
29.906019990879297
24.12688668055867
12.513574383950473
15.469516854306846
26.08436639165479
18.83914453547481
21.53227963867073
28.724871211955307
24.686896234321186
32.086043022694994
17.04160079242294
18.917348338863803
17.985482716918703
19.255175665980143
21.802010308541288
4.563625981937169
15.705297685923446
31.499787162196302
29.382901248924245
14.673415600267049
28.933559720788814
21.85344922458047
24.899722939481517
34.482942249919965
23.88391720278185
14.876221602998793
19.694325408709233
25.721404914062695
27.901732671303026
19.391763028745228
24.082618040831353
21.56926937197363
24.97616573197395
13.405712758350985
19.108746214984468
23.307369599419452
25.285429372412867
18.921434779970273
15.326543357260196
23.247948710960667
21.63336380459685
18.996631605424728
8.204492864561919
16.8637400452955
19.975205619177995
24.709190769431185
17.63507163375457
19.66889768902533
16.729602048391808
44.0942957370368
6.634076713921132
22.9306765240092
16.51145328702526
4.768432803616232
20.613233683770865
14.979936150639269
18.272035987384612
9.288328129350582
10.062936273894097
26.177292876488153
39.79078813165333
18.685125753475884
19.128839947629366
30.623010268163842
25.460245978119403
15.87466266373665
25.81409203130231
21.132375121776526
17.990090652457642
19.277105475819507
21.878248389833484
20.643102375085647
7.359517087362693
17.995402414147566
10.749815770738705
20.22959684028627
14.962772809366367
20.774108350796524
25.151844140070605
13.668239683129308
12.464131425611049
31.050489551218906
16.36157722303026
15.135233471844137
18.410292099783003
20.365366458148042
27.532539131412104
27.08740609309468
15.1207580424211
33.24841442816209
10.215283735344409
37.50757844179042
13.504946130444182
17.521470238548936
18.98510543504193
24.30961566245379
24.44190198105757
16.76641560418916
16.44280515803448
18.554989181065395
18.542707884096245
18.013259787911657
12.949260454840923
27.76459870675388
15.527026940443045
27.608809946668547
15.824622534208936
19.53158978179962
19.854489302854848
28.015192792717198
22.009227254105614
9.317733917187882
33.15349899503315
28.066804020524675
22.454375461900913
33.09425742689733
30.027448217901796
9.76963973328471
24.64591202217402
22.980322504939235
14.876785379156773
13.985321613738463
13.431527744294156
8.693509067643417
7.410704205233218
21.750208181122247
29.01473606660721
12.494065406693505
9.543018055081857
26.829406535847593
27.040273633799607
24.27061699273011
14.932635716137074
17.004882595016895
27.71626990082413
13.947807292723365
5.172049883835022
14.828310997975423
32.64800867354836
15.430743379469433
14.619621935151086
28.39960559912246
11.723451715842353
10.76398987852783
29.694696599627907
22.57789231649288
25.97208791140538
17.90707815302868
33.825137546388184
23.160293584430914
20.80178568676659
27.125711608934896
29.605115841998618
18.457272760235476
22.82660958319435
19.512243915283342
20.204530243393155
25.495541449760676
14.776990041586803
22.519122189187033
10.148640582768742
35.8886646667704
11.62656334344711
29.42608241187635
13.743161274972202
28.155075144628036
27.18876702909762
10.154193285148908
25.29739987264386
18.871618925019717
26.590331319303623
32.18868603189629
6.509050884544934
12.420544923685659
22.970162655450128
33.10890896044567
22.307448487451538
18.624750106320278
22.800460485270715
25.408343333121998
6.503918862483658
17.857849896911084
21.08714633168908
14.424435353210301
26.552949701651322
21.69584860205877
22.50592118016548
12.047074902005797
22.293891661425903
19.19592288423318
26.177375638903452
9.31871879378635
11.604936247242597
23.309890940518653
19.73070673496628
13.903780595805234
30.016050171762945
7.911517743815135
6.531594454840823
22.139420053672048
34.22349152036931
21.71021808129681
19.84172130433069
29.766906125703922
27.789732445142196
18.29636015566024
10.563253345930027
26.606422166685046
31.80315482877986
13.429463358142259
30.058443307374237
20.642300217132938
34.57707961098052
24.442401748015815
18.391141994173623
25.059643800412008
19.727664960755938
15.183553044425409
13.287750775591737
17.674398708574014
24.48595177255573
21.506239676548944
31.35120059934688
10.849454763404214
18.630982073430246
13.40335413543939
45.25374444148238
17.993081866869012
12.373808557207914
18.095309699564126
17.106555423565524
29.170699134407144
28.619142991231197
11.564453689900411
32.5191747677557
25.803755359632774
3.729032956101811
15.893012032754633
26.669006932312882
12.85607020651388
14.48321911224975
19.531679193879054
12.383260673758286
20.346821475078983
22.33815785664386
28.170662207860296
32.56984773271892
16.5943295445581
14.580279242289917
19.24707703818084
30.99944721681698
5.380677867462122
9.105608879205276
20.77977445192315
13.774278920705187
17.102761913760624
29.574736747752773
23.756587171430198
12.374145265562149
9.159812550986539
25.580543806332145
23.2852515625043
11.904089500130583
22.062362572824018
26.589636134621802
28.711054435956953
29.928482861422673
29.526200848661993
22.020885848873018
17.85365497932687
25.129719722739427
25.789075243815056
15.00273104248015
13.156099892940679
17.732458091888166
14.869936275049664
21.764099455534957
30.08030125206188
30.235852452543696
19.809957440414962
27.247322567540337
34.25268677742483
11.643014062783733
20.771678187761847
17.36938868321974
30.643739863758487
20.68435288752937
21.826498906636942
19.30009794074501
31.022547390734353
12.633482573555822
15.875842260779681
25.466784615944643
6.32623816663978
22.76124452028538
17.771535624323246
22.588393934807403
29.308613952174117
16.844403433227328
24.510743779186665
20.525858679843925
39.63127252868795
23.988058771836666
33.68700419594769
12.598695028192685
22.630652293919482
26.004064796870985
9.825153495866138
18.40321519798584
13.346709401700826
20.31097279866819
36.256875516258944
14.167194846060926
20.50549819658323
21.876371763669326
23.368656437725598
26.363137061123627
22.53757104669941
25.10394249849744
12.683796423293936
27.324528539562678
14.25287456226309
14.879693330273456
36.75400506787534
20.48925061453272
22.798691679436295
26.230269159552755
10.153096011105657
28.030093892321347
24.66576893666288
21.192159023488216
14.643341190434997
23.8439598689476
16.070399247342277
29.044884886683054
28.86994675125653
14.138938070565455
17.908363041734766
23.171443649073055
9.59877628577181
20.02676107665239
16.249962327856213
12.830701378845143
25.772476236967343
10.60985437779045
29.730428964229624
18.782165652740765
23.92094887474882
7.114313032273762
11.603878476820817
15.462252631880684
10.221277653356509
23.332425020040475
30.59837162828516
31.262252772443283
23.47838410259453
34.77645742997126
11.627868077847582
18.642967221981444
17.490415054228063
31.449284486562615
18.029799341162946
24.2005811616338
26.283085192544256
16.31743272783549
17.746778346049435
27.34364729710779
22.462481816015277
22.183312805380517
27.812604745146515
13.209234509646723
6.2281273266443415
33.216731971894355
13.301383875963698
21.50222978607653
10.370137632827216
33.859087270826976
10.152274357714221
17.66843460508999
18.492014737908953
28.3457975832406
20.821171372806372
25.955605062468955
31.989190513847774
10.49122882215833
18.017695300241925
15.731497763603041
11.287027761540154
24.410190910058745
12.994025799979521
12.963099061581902
16.0036348529209
19.35324974341382
22.455166313085396
30.784848324175073
27.195895798548655
24.610243113567357
16.428814299175244
21.10249701044864
17.542532849947783
16.261502421784346
25.075486043394786
25.88921164052632
17.84016626720662
19.050405606963615
15.074210805468102
22.930044002691492
24.07849217004734
23.61174348880139
24.354639531262613
36.55785475877016
23.313078128003987
22.98995248232359
32.77364754446135
24.206718671946344
20.55194484359264
28.06109301092998
15.60813418496446
24.23092218071073
26.410352181658794
14.887765612519786
18.301795764142003
21.737168890170636
25.899061580716783
28.20146033829299
17.378847790596794
22.131484203765847
26.715414596692177
28.479576713638906
18.62043916053777
13.302571751619723
8.010897434876235
22.04809690761382
10.652823255069123
27.846138844452888
15.723620575644846
31.305956125847743
28.507848654504528
9.33803766200455
27.637767780662635
11.704931172877636
29.92024745131719
21.555637579046532
13.451940925098032
35.60942019043261
15.430181367690123
21.137102780757996
16.167955792324747
29.563124578332133
5.257039744157319
8.444489177769684
20.57237759881569
19.86892398248787
18.710112151451757
21.109800417525165
21.748129960352557
24.331608521659568
10.456477680608595
18.54244531680248
11.778353475995097
20.393567135707773
16.223745319980935
33.124308686881804
7.451960846115587
4.481754752477769
10.442719528906027
23.60072215006337
24.45709467941464
16.673621876965264
18.219694378731656
19.67769454984092
18.06562841341893
27.505745399307994
23.90218830156965
16.022867460289657
17.642920849163648
14.3011462231028
32.92380710472068
28.63252889278094
12.80562341860641
10.700036931686586
25.818893706708103
10.316315347398712
8.548392754050179
25.14243709838403
19.203534321396834
39.264603740583595
9.233164151095622
17.85680731499298
18.8109755206621
24.724512458078337
13.475452112334029
13.370890635093314
34.434510177917545
17.168692879556374
22.843650868217516
14.780082958795388
20.724561253917376
28.410218930637157
31.158729279811343
13.579556287902886
3.6784973999414854
12.316433838298918
13.97144385408333
9.378617688695764
25.143638754043568
22.104465584487617
12.284003903575993
21.501446626586585
18.093073328446835
18.84707965476002
16.61830473206247
19.77585585021694
25.464627855571432
16.30401600416104
13.813127562554577
25.348903070083164
12.750522580904365
21.261053152983614
