16.135096307493406
9.593149979935237
21.60573694498286
31.07197080394915
29.644382083571198
10.291032499876563
14.347833275762254
18.733686214719175
20.265116374676616
12.310925524959764
30.622228815084668
14.881534485412134
20.52557859599066
15.45284642073717
20.697223254002207
16.303122814855048
25.813256470661408
13.005575612017815
18.71469826745684
19.59439885372938
29.46282928073588
31.36444765344588
11.478957337320905
8.447286212509658
21.54328650729062
24.099108176997483
36.00219506554249
7.754329938159445
20.722310118497965
10.638156511499679
20.552756081896423
33.89160731966871
21.440783164743277
11.162640571314244
16.395583756133522
20.320996022451048
7.438121902265432
19.822753274265896
30.26936337608796
12.701540289698787
14.367908475430074
14.296786341283825
12.481875206685519
7.892905430528011
17.626329470346136
15.392183119192536
19.686358065232696
16.313564527686495
23.115441726412357
34.393647229742726
20.785356032098015
34.20586367110904
10.272503596683478
12.595564906716534
19.42980071116559
22.870224154727264
17.88974962117803
23.76900563692793
10.394009914185423
21.035287262813235
16.668499139198897
17.572455368766803
10.903202039154369
23.606459096932728
24.19922326900642
11.685523285321771
29.774615945247085
25.086630334327563
37.17043543388321
23.679090971398676
25.727477775150117
21.278570900218774
23.51118600589435
15.909277997942942
6.279572038907682
7.386374208798793
26.224873956476113
26.38204249233042
19.45051229504413
30.87944344701708
29.458267246958343
15.407820582073079
18.058194867937914
30.18825362316376
40.11873762879015
12.26660875803742
24.75796339973965
19.100348877153145
20.387405229803644
9.22631611911624
30.05670172171657
16.04414132607776
20.114038443374035
14.865632875159017
27.43642033454237
14.97515409835137
18.975737016511736
27.872226506969984
24.579799671883283
18.98027130485579
14.076867925688997
21.15715220534568
9.012163135824485
20.05193857734991
9.36502152609778
20.681399284034942
9.300958555200287
18.36491735142568
28.452966719600884
23.817062884135456
22.013164091580986
8.77522862045349
13.892911880471742
26.014306372398515
12.984698241681947
30.91683840234552
17.044243960546684
31.58588172588065
18.585974750323896
14.867578294573718
12.481981218831814
26.17859557351811
20.950665980013707
6.295332739076799
14.345080333659466
15.516731346769786
16.771214540559967
32.07167971359735
21.2439227973876
22.14549860261091
14.594142418880594
13.94248666463625
19.603150748320772
10.449929041664939
20.67135520449793
9.394439716888261
20.967828136152907
22.462797410289888
15.992096187715198
8.592613537231353
26.357271269560993
21.015425736297995
24.90433761011078
25.487855148337875
6.66500467611709
12.895713375225228
18.178445704776312
13.641701518379875
24.431866449493903
27.406171665751817
21.367001657726934
25.74179756369412
12.180908554255913
8.426017835895012
21.448505869458145
14.512851539378211
23.08555368536821
12.303482246933918
15.636047163817148
14.69247704756113
14.73278742058794
16.72935383976953
24.571990680409158
8.793356173004996
15.040957474256157
20.277973178636667
28.4858106288082
30.200693024350944
15.209936470288193
20.84421536426499
24.906516052329533
20.011910323212618
18.76539453857124
11.222824959743766
14.36745195465783
19.813652610336874
18.236563282716887
11.510604727698036
20.50133179199843
35.51323980426791
30.213028171694226
20.15841039031018
8.489770538462755
30.874919693602404
15.847845784776782
30.397187637435295
16.615461123737774
26.670860963550528
25.56626281426916
17.51181080988932
12.961217464032233
8.317315330854989
20.869387432217096
22.564482463987545
22.502161036578556
16.44627346447185
21.2330995802522
19.526507206791297
20.25874721563543
25.77428064794497
17.427644032809287
21.81255679961244
20.37623268362803
21.53557181216568
25.58740403564787
27.35589658058575
13.584171487272252
13.692035067165847
14.619058844374242
9.09863085332276
21.911579436237272
23.888479756354656
10.366569397053494
37.265007863458635
22.082140525182222
20.28108349908284
10.008050773655928
18.759422384228802
20.81260874615498
10.264799368065734
25.800959632589105
20.731870030928935
17.40754566282395
7.219519270521884
14.07900442430177
22.813770547923408
24.573435936686128
23.211325243829616
11.23087524513441
30.322309503723886
28.127372733873617
5.969837193176891
20.53847901100026
29.046212642451774
29.656855568590768
16.149601943797894
23.582154505528703
19.22042072419857
26.099935854633774
18.60765981144064
9.974581308495205
21.411925502762255
20.449916287802413
8.73589408966122
22.988900304400836
15.732566636008983
24.031935549886807
12.829412566802592
11.239844663841563
20.158855431014544
20.134699849577192
12.76708759403649
19.777697219536492
18.215088748313143
12.441148504115988
27.013371995911506
17.998526250082353
25.550693761262327
19.401283939132572
22.120611378311008
6.429372219969911
22.3186169495274
11.385352616043138
30.828328840547577
27.688875082986833
9.86481001232611
21.51866567756474
17.3034746060989
28.050105557192172
18.755162936125267
22.855414911742347
13.584070962275547
22.080062810669
9.965062076192435
25.59911545946428
8.993228222425316
8.071606654597305
31.615121564812288
27.01014053433902
17.546949759922754
29.872176732405368
21.828062686870506
20.12762155722699
27.698812136903673
4.212198362513892
29.23738720289347
11.49167619192469
21.579469200543933
17.733709961137855
17.281848876411257
7.43862168284854
27.214914296785384
21.061780562693592
13.896201436096831
16.20898382822532
19.63448534245915
17.409027466150054
14.488986085381647
19.63227984420401
23.048784859748352
12.575452635148334
29.21392219293863
20.696785244462028
19.277577044017725
9.16877196562066
23.82606401767424
20.367930140566195
23.56211955496748
22.30984110508692
16.62622716882174
21.68353081540679
20.23043863409998
14.03830485782924
11.403975465760825
8.426532817853165
8.324215984669495
12.996003736031774
22.244346337265263
13.600545693835297
24.35646599127388
4.740618884619067
14.046171314863106
14.011629025781724
15.842707180377404
16.85661262033727
23.916471189020125
21.69335124074678
17.32711183892787
21.696894022305994
22.20203978082479
20.54140141986005
16.534074124968743
12.69014658320778
17.334023160533977
20.689897437380278
24.562407540563736
38.17355139878076
16.557389185584277
16.019918454857784
14.921422667984574
12.240673714179676
15.832705508873637
10.863550667976888
19.464535353809378
24.265622157764508
38.81428511716347
35.69198733411573
24.962579216568834
12.56486237018744
15.29555024703721
14.17373474966306
13.480877647138371
37.71353332327855
15.33488293127343
25.935899276757652
33.226449730176284
18.53390635168893
7.084211018823171
9.76297610373497
16.424160205168846
11.792824745988435
6.090816573604895
29.11682329385977
16.255892488082143
23.816324646862913
19.4588709415705
27.0319813373696
7.305483016749328
18.305458208269506
20.6024938542984
22.942847155436752
15.30972667977936
25.01690017720749
11.725552895526528
30.749616837171004
5.30229354456711
8.28165419666765
36.7031436617476
17.16864324587464
12.757194204154253
12.284039396674187
28.342397722606975
12.171162718258877
18.172084470844464
19.385280176392737
14.900893301705239
27.649111815270068
19.10335077995044
22.374649078157194
3.8959267697794577
7.794005923212304
29.055813502788865
16.094643584210356
28.914961830011862
17.877076838544948
23.572090240880854
29.693402220351004
22.062313659579605
17.851190825071853
29.380776038671296
18.48952067972529
19.85734260477544
24.120451608796987
23.826201012492255
17.008297873425015
12.103560085764311
14.232487963169309
14.645750184448545
10.040452751688214
16.89919211446398
34.47843816983055
15.724721925750963
20.643880156251218
13.721879796699175
14.558289091058379
19.641989694493994
17.948993652069355
20.189923599486868
14.977860360990933
14.385309836870384
13.51451443710219
10.629606494918193
17.889209467895576
18.96845102309207
19.18371630240709
28.143782923759126
26.936347325990265
15.222970510894621
29.117403504569623
29.975349055349874
14.52873210550026
21.96895096894382
20.732498453083018
28.101636357208353
21.299659584802797
12.926855358510855
15.695417540090784
14.746584482927718
18.485168511911976
10.837560581739705
37.41587597808801
11.416806238470187
26.950688411693598
15.387315333424342
22.89229088741735
22.811092447522334
26.52332101333222
23.44019676554164
8.066855672325895
26.170393496345852
22.505889069409122
16.706578907525824
12.660658815588503
3.6956253912636536
6.8117806059650245
23.738653648781057
13.899464463955617
19.487762728254904
12.99096543571682
11.716512793940193
15.83708287385951
18.4628325078995
24.351052762550747
25.1121306641751
7.10351475975371
13.43056604080876
21.53619347378833
30.382357694676877
20.71026249187652
32.38471588540091
13.922291266064766
13.173600829880215
21.216845525176545
11.417614644115973
27.442198375643553
23.59351613730052
34.62562809208109
35.32754617974974
32.757746418324004
19.427410596421918
10.528755606959008
21.0084512414454
16.865078833957416
25.773064150592464
23.81639347342646
17.440063817676233
18.642607159023985
21.90958575182144
18.07432425076235
12.000511494153628
30.5855280903149
14.518021390704915
24.962473163126962
23.139810761156916
14.334236569040158
11.232129790308225
24.449680032325766
27.03303199035037
31.62029332201956
14.903184961683145
21.054393320656068
21.095835290461434
15.647800893884884
15.569705897864065
27.678685710318515
21.29246975352525
25.473905846082715
27.619639288984388
16.01221467055776
13.985323992289445
19.198094228186626
21.982953432223667
30.553530984835305
16.689849165858625
10.91201089301735
28.79664317332076
28.103277383499854
17.88424757622053
24.965626162216456
36.04462339143147
28.159803700447274
13.739864798059534
29.929723064810368
20.239499074488492
23.574662559369344
14.428604749945107
29.26269486311911
18.36362706845188
32.928580266095004
20.88531362650599
7.7165234336082
28.483795437430157
22.543288947956018
25.658382736483077
18.030787215212772
14.95936462910532
22.128669402622847
20.654801316582056
27.996223263218898
22.450126617974146
15.275607252247811
24.58474453852904
20.112948141483965
16.851301434947864
20.663723698435575
34.664146828245464
26.951165887619304
7.748226526861791
13.839642120152627
25.15976549251834
23.803010707937865
32.24519405745761
16.717645537920333
10.930225908093004
28.527086402808447
19.2732221380526
24.434659806622253
17.63391373089238
12.109038827348904
12.595463628329508
17.833062089160602
24.905827379226047
14.549292847450921
22.421812368880854
12.019107318517422
10.657292421306003
7.978845319176687
11.401513057076613
8.939454995573302
16.589395728284345
15.378257417937107
19.391999560522095
15.11910032978591
9.617473314409999
19.54347799692014
14.61293472377981
10.821692954441177
8.101289120558496
18.809948846270622
5.747220604755688
7.28769440915887
10.336772553370578
14.28832242302105
28.771142802119357
17.84884401800972
19.0379771601499
24.834095049797583
10.513109997716837
20.82831772801812
21.587429999998797
11.618787836090252
39.87107459799715
18.512741056683236
10.965759855004151
10.998982861526182
12.450256712856358
11.043736508489285
19.529224749962584
3.985335439368984
19.380894713629427
22.658962707190586
26.867449876070996
17.599764768268162
22.790705724139666
13.893933573295488
10.782389069343123
17.790246684187963
21.640883547084986
8.641606377813572
4.94403680529035
19.025361783844517
22.047147770806728
12.621220724442546
9.557820151658806
23.037696061093758
20.933406737984495
20.87299531532405
9.163757885460505
29.897992928221342
12.13544320470746
16.146248067942114
23.290678996650012
19.87863569857636
11.907318339440385
23.53054266430447
19.25306364853339
22.178771160328665
16.33046904170568
6.02281267466908
11.548049805239236
10.063757263541666
6.619209030125581
5.0580959495645335
24.564962999674353
17.75502583622292
15.822313235031539
19.36475976801391
17.72146653656215
12.694383424961046
17.472472345316188
22.74127705422942
10.451046049990621
4.37291108710199
17.813099625927745
8.987396182098903
13.618168829684773
20.344705644964105
24.576285064227672
21.408265186918552
5.041180642322434
10.357349023998145
23.128223103659504
23.435043935373333
24.86649590258459
23.765455012121176
20.08909403952287
22.309126219150542
11.07855089823848
32.43096703028248
14.837405415865794
16.0684760853722
15.737520226714027
14.249210607523255
9.399312942856573
8.20166539365119
20.09502872065958
20.98239919397275
30.80183041989795
16.38001296146529
21.4708395504989
30.490764144569535
21.868966312828714
10.074008412743474
32.32444386505403
29.1128893602609
26.79692395059917
23.6882532778222
12.997942830917253
19.6499512423731
20.668778935672478
16.373062817570155
15.962224831806084
8.806976793124722
19.705900853341767
6.745677630995083
12.709610668924274
12.93748486610954
20.789953427942155
20.828290626427588
25.176541305450954
12.295279865093447
19.40911149358138
6.811676271968137
19.173872192935868
16.230046012567428
18.524930583102122
6.960998633628899
25.601538799498627
10.168129661467166
13.256899464136534
23.041825110767217
16.630255823474897
16.394667704013415
22.3283271603503
21.47823547707093
8.724118401366182
25.131343191396283
21.87885593559539
26.155644687798514
16.31811518434891
21.645987939009704
26.727156148260068
9.222795317919495
28.34481652710914
19.346618573727486
6.83380679274433
20.706304836457573
29.674018719100356
13.602867314979536
21.979436383197886
14.360699280062759
26.23084387565097
26.257476140172287
16.24900152901918
21.569449924045067
11.729819405245104
29.27650449766891
27.6011742613297
19.78853161230409
21.068007211929665
16.54905550478014
16.71618717000244
18.97580233842858
11.850286441265947
19.6478827746317
16.161111314012096
25.5774519731515
14.968650874200442
23.433592695392043
16.777631483578702
20.918991421591834
11.27177628372654
4.0139673920228605
31.613127015961577
18.258423146309763
11.164711521330327
22.312283282578676
10.069141349002988
27.020902844938384
10.092435661712088
16.349386444430365
12.611250972674963
29.155301697977546
18.15902043896867
10.726800856316688
22.329252552816158
13.813651365881473
13.460109274531357
28.610263222970197
32.199803829610325
20.20041089610536
13.70384690356096
19.404509742274584
6.332345853087385
13.114606529551637
19.825818375740084
7.234833206383135
14.188912933324646
22.815730307989842
18.854966016214266
23.55206220824847
18.199627689737735
8.376115204576513
21.923815223701684
15.790906772451866
21.081130153819146
13.891397288860144
20.436455113126577
24.043198908012055
13.60513501847487
21.736484518709073
16.043369549457392
20.947862311100593
38.45211249896138
22.927055921904017
18.993370132291556
18.985872282551988
32.52341890860839
5.137691087662184
22.80298056557916
25.30534464403124
11.85965811191628
30.627353087456072
20.283317211064812
15.939996309850743
25.354407286617366
21.898929288568663
17.361120892286884
16.6140563443336
16.07567674075575
28.881879724856994
22.7960266561085
25.915572095579446
10.549881509031449
12.22564227439843
19.820964730624183
8.109826198977382
22.598369679224803
29.472913652134352
30.48809449873085
19.18106474290298
26.603083041463037
8.285633279013934
9.46305341039879
21.648037578012936
19.839114107621103
13.611137905212752
13.968987632470494
16.44005681101573
28.57810734797772
6.847361974578905
13.921259349365469
26.377033635480117
19.68805014209268
16.692009934530073
30.070106801177634
18.43922306752584
25.925362830434338
12.152813711937721
17.241912721537457
35.15891423230929
17.036002606725773
23.55730919181234
37.45481830493934
10.797806668917644
21.236645111695434
25.954510128770654
26.505506038774094
20.222620802877664
11.198416243763438
17.74850367301523
18.095422201829646
23.75774146807364
14.857440385553414
36.65823881602579
21.472941829611887
25.55492354489358
41.13489191189078
7.941771852235383
9.311023626704404
26.96140421080624
13.103988266165517
12.323540319852007
17.813386285720316
27.83080386768029
9.996929098419134
6.1291825022138315
29.467728845183675
21.61583570207231
20.878640143965807
11.066466135762525
15.222671737929554
23.704635171834262
10.201039486610576
20.6448339345933
15.283087172744883
12.27665489222261
8.645306361286618
9.739542550103252
30.11770313241135
14.019885325585461
10.638871534176674
10.555946865232062
10.7002997203424
19.245792878857575
13.127816255582742
13.748062898931725
24.562126499973274
21.360339846553924
22.36731708674812
16.33132819769899
19.84299885508188
30.088616495912106
24.357942950400094
22.98247743955932
13.626286495672213
14.893319262571728
17.452005920117045
9.281457935896569
4.6255807921006955
23.70024873227347
12.315095317475597
30.256690773601026
6.521598241797775
17.16345807712888
17.844058375949235
29.087113977421257
17.08343836971149
28.12246653800569
8.214497536203831
23.25961428919704
23.34874508995318
20.709089697685236
19.04973045502814
27.95587723701525
24.781741518286232
27.823793178963033
14.835447906233172
14.021301885571868
23.349245943501867
11.090336036472022
15.534091304653833
38.24509210761912
24.943776803447623
31.9288962254546
24.14521518665075
30.36991709578599
14.806723376512052
15.292213648714153
22.63407157831377
20.889986880977954
8.398255023323163
34.381653306823274
30.94298326940726
27.599471312694032
32.50843791843748
34.31727470238885
20.735902824893238
16.18331830371824
26.36839610807452
9.592611395272064
7.782716566582633
7.980219060035127
8.865842143235975
29.022699900376043
8.67273535109802
29.784871512089968
16.707812243116425
15.437312869691532
10.41694767813461
10.642995028441542
22.965459754149265
27.446402742328086
20.45136320196082
17.658222599759526
35.38229947997704
14.289673278083466
20.137926935536274
13.87761078550724
34.732333991676306
19.919925583527426
15.416581341350591
26.590087710854
14.048916231100215
13.016150659447469
19.87787000150158
26.168094236295808
6.947888464598787
13.727200790060722
19.458720057942134
11.070348584936745
12.237003746269627
35.808619220964125
31.180705505162795
13.655058118076393
21.124222625254408
15.937593832985913
28.77957425822893
32.56830526408913
24.120029582383456
21.71656011168568
21.20388423593855
20.41634511996647
8.34833637628231
12.591985820886471
23.99585635676575
11.999981373380557
15.77159045638773
23.897159979500824
22.28252015373854
21.707169882869707
27.97388190508532
10.926309255108139
11.281788787052728
17.422064321310195
9.013329783103833
8.778780395593982
18.510252190398642
29.153883049198207
15.246300683866544
12.695835067153883
20.92266235447279
16.69186825125461
15.592825939239818
19.247839544332116
14.974279415685615
14.470628905000945
23.67656311659319
28.95706653591816
16.300368153924047
20.547116796292766
15.5964864666409
17.46141293794636
18.36153295850745
8.720106189313501
13.178710873998085
23.01119041824825
6.408020664364992
17.29786887334446
21.270926361897832
23.027050474642937
17.229574924821193
33.08999120412761
16.729308767960568
18.203075259843587
10.779642358136892
16.48295773593256
9.774565785534168
24.316120112468308
10.768074977908476
19.599154410235638
15.118678155136712
20.72841344158113
20.82747086484471
16.16245562818718
10.519318857402142
23.965823308459072
9.415217395797374
20.78539761449598
17.41298832606446
20.754858397823813
18.80576823846914
22.894778845186636
17.76767401056147
9.335992850358164
17.346625433819714
15.093006644324413
23.98808074262275
18.503852335619175
10.721728432800193
12.812708563515484
20.942598737947225
10.091266796024534
25.244945685259275
26.491628985366017
24.749824014361717
29.917233916759002
15.15291720095899
28.50983808871203
13.840136633760439
18.710202843240133
34.63790526135303
28.638091445403496
8.781287239825277
18.70595251267
29.294126756589854
14.408909706716365
13.641939301962637
16.602731334010603
17.31154530273243
14.201019429941933
5.197803685033694
15.62064491265519
19.02808080973128
12.891255625541152
31.541638103247063
18.762322610012134
29.079349090609302
14.246369881473395
24.28371226019464
8.270305997681257
11.830864028965964
23.709659249119287
22.315685174672257
18.159754024318623
14.570637554748778
13.334224929481941
15.568943684721724
16.145215324930927
16.259204960214515
24.897488684560177
22.345656743848707
23.343728833552834
15.147116727040979
22.841874826533235
27.459473636514794
24.36406415005761
23.228219014850062
24.87240257590059
23.491138723741535
21.02250794441402
22.848885134602277
14.950070453667514
16.68923985714459
8.600930490026656
10.814578154658363
7.275427868331921
15.108709136197731
27.09522022016364
31.993209413300796
23.931619104926206
12.694233830419847
24.086110957305483
20.721562143006732
24.856528508448076
15.498119200954035
21.055429305876967
9.009751527372813
11.74198330529586
29.198876950277732
17.833503569277614
23.17458256210271
10.222243420754104
13.094667506282303
16.594668303894192
22.36617061991726
16.289390448117263
27.00529387011563
35.18090071327229
23.39236203344741
13.823081840231003
30.700797501153314
31.309818024620885
12.134308884964895
32.436919501860466
9.451414212858216
21.57011054837797
24.698922974626395
20.15123987698843
29.463220567574115
18.411430575612854
21.423357328656778
10.462084540560094
10.467409061671733
17.16642418431262
14.028206514688938
28.917157453704746
26.119393963506827
9.616700542230314
17.41430078368701
17.372065356293206
26.3852715978197
9.456281649999376
19.58701985547231
12.503101480088121
27.548131312491545
17.51470431579266
20.749661856890793
24.719406807361796
11.376748264001064
14.72346786343856
8.006087601581624
17.191079199471428
23.70205046402477
18.956363440670394
19.43968840837651
12.329259582652131
24.036506659599443
20.216191444572676
16.31977618369882
16.607699529877163
20.998639847003336
18.376182115022324
12.080221202243308
3.6856428939910946
10.443947611226893
18.11291784295546
32.72242244753255
32.61417253504089
22.316274183304138
21.844648676580967
18.595584089211815
22.34589357256857
16.261963498004185
11.720938751266194
12.526717138658093
21.54286327554185
22.236888177479155
11.892442217315876
14.517467729186722
22.45540247034511
23.181361050508507
18.012546820746618
31.939831187337344
31.826409545679628
18.549909712739485
11.619340759192628
12.582834278344956
7.571687897811565
30.917378487788493
27.943709444076156
29.86251647428239
24.965372485315275
19.007867159288867
6.275333747484178
25.81379950003057
17.653582690462308
16.075331030907304
15.279505251060566
32.243454291522184
10.53083210114176
11.529547028681515
18.12784483104284
29.69010889185887
25.10806142160124
21.710974439636846
32.36923255925266
37.714323305585616
11.923901068509139
11.049408404823625
15.987802794588509
22.114722114594358
15.175224466348077
26.316104362692478
20.808906896511647
11.349347636117873
29.821865447189236
16.56035007910383
8.408716264344898
11.968307874232982
14.835946490119557
13.124340313825055
23.021545760573186
32.98858302584452
32.02136210113801
25.54471684558161
9.089334952295799
14.6865325711085
23.137812011948323
20.977072756961995
9.655541980825616
12.161113662489095
17.40934949258386
14.169174502553089
27.413349327222157
19.7663707652831
6.325372062645543
20.46336284052543
15.897916931162495
5.913255747193554
36.83090582222112
22.028397394359367
30.031742536629093
7.360268294735658
11.25813526738464
17.58905508219662
23.66512726025956
14.299005937760151
23.12196096021478
15.04205245888224
16.38752275204244
18.366668136637774
13.112342679519813
14.123743286804684
10.441007559668886
25.129987108053456
19.449642616425045
13.42592713292386
14.551986743105854
20.639270386903465
12.49261668211717
17.801201395570466
23.42228420812189
16.7297634841184
31.094658481178797
31.795014660822027
20.392836128896334
22.210460713688988
15.209570154274061
34.298230314386664
12.905768162198003
26.060486529737123
33.899379722472034
33.90101637687693
18.304872493295438
17.432954750651877
34.07891645864309
19.798071573599184
5.003992351982953
21.89986562430885
39.14174512396863
19.71464283285616
10.021997366197184
18.78696886470637
23.421540984313282
27.81348503495733
21.126519734045612
18.345838897280903
5.794185611211629
15.876651674693871
29.748262333089237
13.185476011934147
7.173999774402721
36.138730530948614
24.86508958019047
8.992015990355462
10.524040001511775
24.895919494888265
20.46037287448912
16.142801225616548
19.244950695595755
18.499819466178604
22.522471482971802
18.286264537672977
11.683806514063042
15.642557211365826
16.46251319841504
13.028227628313857
11.695085813513693
10.916647307582027
10.286770382095428
22.66593365582082
26.226606000724715
18.815839398059524
25.66713695264552
7.609856126667305
14.912603711330206
26.29755976306112
21.49428981354664
18.522782370972454
18.234094362863924
13.665906592876627
19.67757385584334
30.38740275203171
26.00039626949841
18.968892944546113
23.05030488478834
6.345436514065239
16.284003550913845
23.784993429282796
30.807221576649738
20.362710355153812
12.836600719658193
26.448498010820963
10.798885147146438
19.292182910077393
20.2383696790039
23.918619596237125
30.166273986200682
13.165828994451404
16.60170108540101
15.983794452126466
34.79029229882916
22.281129106215914
23.02043388301348
38.293140335337604
31.561784209870538
8.187062266903073
9.039571315701311
16.9545517019259
17.07752814972183
22.73299281916337
24.63526889546246
26.311889595584415
21.526164573887776
13.04172876363009
26.622458316377408
17.699589222030678
34.1979831016914
21.60967184736143
28.98191354354093
16.50528757410595
13.885914194324252
15.813006667974008
18.936528855282408
17.826790084776288
18.316382725822287
25.9959750101254
14.916383046955138
12.851032088146479
14.940630669721777
27.823512425430774
25.065753952683636
32.38091860673575
10.111921171737116
20.677506522359447
26.52675751731972
31.541796487246923
25.0582882707143
25.106543418654205
11.978736878477186
13.243230287343675
17.117050906417496
19.054163639779194
15.388222498315843
28.725736336366182
14.778984408370029
27.730150273046576
22.746266443724465
18.91309362767789
14.762286387708402
9.515123212375908
17.65342324224334
11.846361752354664
20.865086760652435
31.336741290783632
18.120010574100288
11.003736522765056
25.778867029700425
17.534500468506224
5.747510502859501
26.01370780951195
13.45639944380921
23.17759411960056
7.764798314384145
10.160458576126786
5.639077528491646
20.40368535850531
14.063972890997661
16.47885007826958
26.277222910520354
14.207255748829509
16.377042097192497
32.81735602010226
28.47310609494814
20.81731256844621
32.709048475902485
10.053566936935816
14.110918575318326
11.993494091328513
22.217462569585052
33.791112435297556
25.42536761989288
10.705284362819329
20.68305563136741
17.148237226080834
19.26166647078623
22.97858356148034
22.32990686205933
18.251931049953708
19.450637700582366
20.23514962707156
23.648381509938304
20.173028256816348
23.195447219656174
12.294176935258452
11.469015447380718
15.219172624437785
24.27756683855126
21.981513186870075
14.471456940238735
22.570947065341294
11.186465071012954
4.906727161151697
21.75424278306202
10.460462248135725
10.97874653098419
10.767103252812326
13.322770965226583
24.838826277529545
28.47217893833289
6.3880000334783915
22.15148864372124
22.384764540978527
20.12486017856888
13.655603223097868
28.200728319598042
11.681021128369968
24.723975082730743
29.825433983622208
17.13703678812137
22.363209006050855
27.93832006696629
31.973040073065903
25.014891615395896
18.922062804581113
10.56354235699151
10.347362799347492
15.954553080447468
16.313766472157617
21.797177622316283
20.620993082049694
16.088453247039354
16.170767757489074
33.76980134057583
23.469709268884134
16.059377010039896
22.779705698372393
23.354167858827182
23.317938277219227
9.771729578275798
26.249787761590802
14.649099312097734
26.08049069165001
16.720924885289524
14.996875835255949
16.83192791556984
34.41459141586022
32.87126692159624
28.593106287525494
17.938169020576463
17.307714538001317
11.533735703627674
12.08978002324176
5.14081251797549
24.449909760495974
5.61211690724743
17.56478659783779
18.02370859350963
16.995490646180713
