10.5452300685664
35.93345137761349
28.689163118962657
19.44386533402561
23.527298571810277
4.716578698424947
39.122007343368004
8.367490122885789
16.161337812452402
18.07506221910874
14.505875170883483
18.7789896719881
15.327009438151464
30.071260414262422
20.77419767310348
16.315591342391876
29.203664287533663
23.616322169567518
23.17933049319722
19.358285100649805
15.480448620037325
17.319234666924928
12.786707319087986
13.552306044989187
17.71725567069895
19.65417776999281
28.574782303228563
14.247492924374866
16.080159498216137
16.488765059897705
32.09513901912009
29.134786469404325
15.419654477232639
20.607018481195933
15.111953264005686
18.55730612413863
17.601476944024085
24.65573832622205
9.622776193063778
17.082786122442048
19.924946956850892
35.5946045564278
12.60131987740714
18.628061634602442
23.202320746502735
21.602506231296392
5.342863311597689
8.090984847111
25.48628308196475
13.868428217766871
22.23152417020226
9.636845096378186
24.791797976790495
21.866435008110916
25.150932634783796
25.67186558913063
29.343950757742924
18.693089845398056
28.465431368340333
13.806284623531722
27.044102727975016
13.844779482542304
29.44683868950772
16.204114495748875
11.033874412705517
17.733039184432734
32.653714049299126
14.286482077918867
16.50557993288747
18.581751333131763
18.06958709539911
26.276419075829565
35.12487934981973
10.393429476442885
17.55938024723751
8.749727846252258
24.89175248249719
26.06957635615201
14.379647386962171
21.579406833401627
29.359689580731377
16.74791489013263
33.38396286908754
17.22593153397958
22.021685406137916
30.6724577172807
23.784346673589866
24.511900038988646
32.380834334329144
21.306392556780214
25.610036131550586
34.11476734602359
26.121920906565208
15.71144416352372
30.002056696672078
15.929319224214284
17.127660072638967
27.392573060009447
26.590618581656262
20.490224674846
10.526650660385755
10.70562386135132
23.61423308678515
41.80744518066215
6.287533498720597
10.666912778511255
25.972243390257578
30.085485290509087
26.577910803592253
21.71691082568789
26.092684904837636
14.149627355840646
21.972948136666968
22.69183501263939
30.99307649025718
34.239613163960755
19.214016345304778
9.520408641077653
28.244757373689588
33.58652910636279
30.14128451503137
13.957630286713467
15.580688351711556
36.489292588935236
16.435927223485766
25.508469149778318
12.687049141602818
19.71295902525651
9.682437981400879
14.426267710093462
12.776492621768595
9.02114894635013
4.8462518374042824
12.34879701607034
18.76134415797386
26.207456661320954
5.554885051175705
35.05019894331392
10.0059788874557
27.819358019901614
17.731918424113164
19.9441598407645
21.844908568847263
11.151887613535706
36.10142660089107
32.85902290085869
17.538146576930316
24.946544876220127
17.501318309461798
27.963258292965396
21.537440870238708
22.82447207011206
23.520192084618436
9.5967517151488
11.399682294100344
19.87957099103774
15.729382244005226
26.55354834313888
16.217274883849722
8.596555193283276
22.5310895279779
27.734617676813244
17.236905020785464
29.270046137762808
21.468103070982217
14.897780442621189
25.64898726448231
25.804390293214986
20.25419728716014
28.59333563269358
23.964827831418255
21.837982564389453
9.803886278450163
13.913778211213986
27.432161023648757
33.98081425771762
28.10316479462987
18.159449616757104
25.13951328302597
25.89347803433006
31.873665396742087
16.782018276694743
20.41208505260044
25.547915648771607
13.975253227068636
23.50170573436593
34.220858258460765
25.696964290706386
17.1001229873992
6.166075375165672
7.729155524735097
17.061695257921244
32.169670950267054
31.989652187921553
14.741715841542925
13.47915983731998
11.4973736049119
13.616018445059405
4.926250102338055
18.5870066898024
14.80858688446232
22.200653927541683
12.548862509584122
20.613147358448945
17.809892391805597
15.139635154711856
16.037770912758123
12.640275588223204
19.72823615354772
25.510588733170646
9.271576792706693
24.473290472042585
22.20917281052373
9.733305650500638
28.322304692539674
22.77488475712453
11.312300672514532
25.3656646660952
15.902994768436434
9.606354554357855
28.174149044015493
25.470552704249734
19.47471272476679
20.03778830686335
14.250590141866146
11.76497055816481
17.64522838407651
17.752515028954686
33.15101222675526
12.930242433886697
19.709596652632342
6.921732337953424
19.34978033271516
10.678505403396194
15.703703959849951
10.803784239568683
8.86892454186986
23.760377836578886
26.80005946523861
15.425905438051938
18.939217260906087
13.860708212600027
15.713618018365493
21.68728090384319
18.638878733196673
27.652409552890404
24.43836305131946
17.05190932798822
29.16698035849845
20.475149242978485
26.01488149129879
32.35709089294307
31.24860798041368
16.735788294704438
30.008335377440055
16.402164043021912
25.392263415995973
17.532371538400447
35.459346918493935
33.5612810933329
14.777273209614615
13.735441723594976
30.264352307442433
21.404168806374866
35.41978783530572
19.953575704074908
13.981160719822809
28.208292977036745
15.405626068698442
34.830461318447604
17.801372761316497
24.332177352225738
26.756804568605254
19.25271502534728
12.05889611251119
12.823332805431743
13.973336595220648
15.661271097407377
15.539768569620577
16.576234684090576
18.738042743745673
40.59517821220975
28.70266235579442
17.158284475888532
34.464950364850466
16.222278417403068
7.581623495763655
26.18949780863605
16.961982143437893
20.979733378992982
19.54881583937876
31.091195827058904
24.59146287859959
12.76544453800662
7.9431812378168996
16.318337671675504
19.825539125670144
11.1458376746647
24.561871240519057
23.086845699369526
16.145332722751682
30.99896063663712
39.327394610254075
36.6455254715162
22.46029677062534
21.021276736093334
30.28487741425033
11.227355443523628
28.132813087513668
16.833841162148676
27.08418564817174
23.952292176888804
30.550545380110247
34.52663830193071
34.45912188706531
25.180493954172654
11.31324119914388
14.935959342151412
15.61188336527328
22.666155166463003
19.419995248361193
19.459855976009056
15.191678353008887
15.119939212640885
11.86126307055068
29.634682204939953
29.643950420763964
15.452201587618175
8.680656381266514
19.642965569770784
17.024827940027244
16.532363295993118
5.614829095707946
19.78005863345802
17.465645800171473
16.534201321267012
19.82338633643598
4.945534225086306
23.73200922106948
26.97669585459657
18.34537825009548
10.898406094798924
15.338258956880484
37.252222857356095
22.676818352703837
14.142145135851766
9.378292074517171
12.249135643512165
15.548286235266916
19.90873152323065
21.45141244074896
26.67425061346073
12.8959089016071
29.926990401599816
19.47982862583436
13.308655376259004
8.555606239884462
10.439207643258557
7.912507240979827
31.812856074688845
23.505716680572505
21.549957005345455
16.939313861585685
15.106839774515306
27.62184307878943
12.945177513079068
20.709038068908846
20.723619068063833
21.01888983248515
21.27265818706489
22.285741786440447
21.505724590956426
18.663829300785693
16.691371199924713
16.633050193585145
19.43850012805276
23.27986547569154
25.94575725902573
3.909790020088631
21.050106910474202
12.18354693772899
21.534112471986806
6.675856330641664
19.286249977977715
11.937157986642765
21.13467877020738
18.83711921725767
20.005112855538453
16.114361925192167
22.614422677243883
12.134617397620813
21.292042099779305
24.270466798951283
9.701891799259807
20.54695553570353
8.583486918793005
13.490992989548694
20.0161102672232
17.588213288866136
22.51374973241153
16.11672776229077
17.437704834618362
24.825862627290334
24.795740006769112
17.571059711116185
24.84778541785741
25.102150792346514
21.212920748006475
22.027739391199827
26.167358381408388
20.196192340455756
6.526281932030896
17.89225777384854
25.99079409087492
15.727474767950875
20.266659927390464
26.86726510968434
16.42519025279923
28.274719686807796
36.40207449460694
25.71267145537965
31.68490550150061
13.509971876631763
16.34312885766573
20.084649517820665
16.25739286729382
15.980454471465647
24.460087531070247
7.163433974466348
20.691339815733983
24.47392804188487
20.224235818695774
14.90154113596481
19.85794309885391
19.624088486237035
29.95565964247229
12.896351101975487
24.914526549174308
9.573916515340581
18.23881453003845
13.361580279758941
14.187716658035475
35.0828005765423
16.860257875155714
15.693725194968708
34.84174504889991
25.015318469417895
30.155647884348678
30.60143257929022
29.066901222874545
20.5563309132647
29.788910596038523
9.45094737221727
26.93804617745639
19.96512815274753
36.96427731613176
28.74884248647066
12.561753111932225
32.832104031350696
40.03465528295334
18.107204618570197
32.32887973264201
9.108700774848117
23.856159499794146
24.122650895901675
25.103580599981814
9.510889993464298
17.400847157850908
11.633381714621892
20.270303210539897
20.71565422952149
16.169422249690673
31.3635394698885
16.896067966108724
14.950489510932941
21.244613588944325
13.784058329958615
20.198511330974984
16.05525520943494
17.464546627787428
21.997038512800334
25.744267648103012
10.241293467473383
16.204515628195633
9.225538245963994
18.89107937133234
26.31150128101559
17.743480321004803
19.97926858853777
18.334248604830545
13.018143049057388
25.250615524721308
31.506131111302356
23.801493841296693
19.92250605985765
24.77971535720124
16.792905761931415
21.121530121000703
29.91471076297478
15.925133807535325
28.212187621613058
13.490675832353311
16.199824258564075
16.396714976358613
31.83643563789691
21.537112657122478
8.083083155562518
24.475476998989183
17.842967500638576
15.238170534594008
22.925967995138226
17.79928905505541
14.721564250295465
15.372114801782104
20.04953373167471
21.11023874420224
26.845026831709532
25.90371056845461
26.88645525952841
6.4508048437031205
37.7964138241668
26.592682395026742
10.285021173897151
23.273052350818045
22.00730590965331
12.479456181071628
13.608495271193409
19.839940265838322
7.414761280491369
13.263833731840746
16.433955773372308
23.46625126317613
22.895403941066416
21.90764984582134
6.673006161775448
21.259867575774916
21.372687141178307
21.53387486543966
20.216431966029205
27.242785058149067
18.441270315444086
11.195905243097185
34.39290007227184
14.566832014035668
27.31323814786423
14.361663482585598
30.01578221709195
12.52652683320348
14.873292076035165
28.43722878074981
27.015311042927245
23.84146386040461
20.994994059784645
23.938151856143467
21.100969975585482
23.76985511152463
12.099103660743795
19.94502279536056
27.328773568381653
31.812891630938303
29.365060921148086
13.438290050365874
8.61781292134163
35.42224667917458
14.512947361087067
24.779205682407305
12.423863992189778
22.93032220444183
17.993535654035906
15.09451474506908
15.280979379760305
14.083781838142755
30.240804606088616
27.531016947060074
26.419386148326453
31.287652892314934
21.27261647777581
30.10364168886339
22.840701846888095
16.84485488041916
20.946066184764803
22.947468932042536
19.40410814842279
13.915600453496635
30.771234730665693
16.67170915157647
21.8366105984676
13.024121117835163
16.668533097209068
23.751433862936715
25.732104525433424
11.225312976485851
21.681289908142638
17.550791628736647
18.40676620113733
17.519344416581845
21.061358010545447
39.17168938951496
9.034331547145086
25.565765459297555
22.249913679473195
13.031533065359262
16.875684903738488
19.929867064457405
30.162410141684802
6.41543179312656
30.407488527207345
21.865605853441256
26.00742193841409
14.976601474377821
23.438107108835922
33.635431594104894
17.420290205419366
32.29069163878409
25.895881535664934
11.313874384740458
17.526675583393907
21.397398840957187
12.753869554270874
19.03048521645913
16.27646875028863
18.068288118513554
29.683655268256196
28.99146635495235
22.069211660845262
12.821265853442876
31.743056178568015
25.03885338310405
25.24458681439875
20.194696183447252
12.20480273142028
27.277314438678534
15.10484495154545
17.566615770894334
25.21949818835404
11.280566538338867
27.142387162006454
14.859669128618462
23.019557595770504
29.477370816884555
11.311126295946691
11.718360618695955
11.75072781903169
26.3501963818353
25.969704141466945
9.976912393331846
13.461386191830073
5.904457909478305
16.980785819424433
10.321717063424934
23.301865407757948
25.973067985543995
20.75810240809079
19.18525454080583
11.46507943062338
17.661929497326838
32.4902443445033
18.198876106002743
8.708730415389427
25.859405250535406
36.924110808109106
25.10451150905119
6.441207749725367
19.54971972326612
13.57240773902767
16.545901390841745
27.95907973996135
32.00632667706886
16.73053162781124
10.80098209223538
14.876441565435456
17.355720642365515
16.722311930257614
10.482826129336411
36.44192583008572
12.92955135821222
17.825658660505237
22.117830652003576
20.80717762593543
18.912063653495498
20.874878440236497
19.707905793696604
19.477649475308446
12.920388480848784
14.636878737206507
34.39911974170107
22.463265390881215
10.672801208621095
29.951257097719434
22.74458371786965
19.758134796073048
17.537677893480964
13.637875269590031
12.137040164847264
9.199799892831964
14.958475590117057
33.84337861940623
23.4771519907046
25.918534975672614
17.330611991167416
32.85069914227306
27.109008550021844
30.706248863998255
8.093832554672522
19.582918808086973
15.543793320031527
8.332179701015637
28.37772546643427
26.316739299596133
24.85680134898963
20.88922639908352
21.76305322440109
22.02145785602092
24.322222396908348
16.561280419500243
22.610411097349903
22.39328580918668
25.70759708632482
23.99668360752239
18.71003039615155
18.919986075704955
10.758005133940234
27.66375851420833
11.985829582193226
19.486780480867008
27.323420372577033
23.09690602821022
12.150354287098555
30.17327168733407
8.590993259788716
6.123362762647426
22.590960882832587
19.348847693304087
15.368417915968164
27.19774344135872
21.101215069729626
27.326999804461433
8.824132470903571
24.564234093140897
10.44655444879337
10.779035314722108
24.982572734537182
17.97048119531668
12.714601625803898
13.241597814350394
16.996759066823362
13.236667602632842
19.57913945103967
22.510883640840454
19.18877472173308
31.797180206478902
17.809506048244142
25.474141630482322
31.57429177389724
35.436481599002285
19.881818535802676
16.979464688922796
33.15874984820596
22.96949233191654
39.93379289097297
22.250806736117298
13.1898462005484
17.45170034426798
26.723630030688298
20.6454326458772
16.70478081521513
15.000594007323741
21.487504650961732
18.210396032405658
25.58889398855395
29.714769096301445
24.07817821039588
24.474212527933734
17.0428885453821
22.891678046157164
28.37795965167203
21.107917287781017
10.762769754908215
16.893720366573366
28.624234911725505
16.836998041913166
45.88104901884239
24.21195007471615
16.343822320343506
26.97642116954217
25.260320169905953
18.5016438127345
24.486030923128297
12.545856904147977
16.24512297127966
11.779483283785218
21.97910651024235
30.80753427745721
20.509178366737174
11.82346730898189
12.66659232689038
28.536204672039794
38.46590664990967
12.928667166827726
15.913380916667688
20.640003691946617
10.132565676188328
30.490882985490085
17.593216612242344
36.58196018994913
27.805392048269187
23.540530376937113
11.55367709314682
25.97992452513829
5.727925293312485
23.48089992638143
17.990739095542832
6.496775977548269
16.818557399656893
32.84511713124175
12.46001410087308
15.149518743337115
21.111104696861062
26.93610019657371
20.405435809396874
29.825152172493496
11.960368836821663
33.20101747164998
23.555688628924795
26.42863179799799
21.72380629069564
23.897883812196884
21.7862379721036
12.538417652087782
14.777611290329189
19.20291558021895
23.301654385553135
20.297134605024663
29.532394496765765
32.438871994359594
35.91145157447292
17.31760679723026
19.173538594028045
9.854665588743043
12.714029175779608
18.233847212921766
24.75205176544839
13.511643515914875
25.445645341478905
26.343886689767768
29.23528400552116
27.469381333192366
10.204155850563284
15.735389476041933
31.36207287105131
15.303535140144747
26.320290540073856
38.55886581271278
15.589629253967756
21.352725582718666
11.092564846285603
17.16381649961776
28.17104295813943
23.973806582522357
11.481818212190857
25.109080520356205
21.426265613883576
11.955408828574374
19.696169871839206
15.332758290565963
27.125739282374727
19.25406307122173
8.859951653757383
23.22816977899277
17.221965766826976
15.368024707004343
31.203777211223663
15.697591998076247
15.936900530919129
20.8852942568558
8.197975755994687
20.279398211757204
34.828517444221994
4.58221358222143
16.938409437607454
23.963346696408482
4.500228986803263
24.882452390421562
21.226020349219617
30.07353099625876
22.230997222913064
15.16194660049872
6.750931528321738
15.681103381466906
21.163892547675037
22.536833289727635
15.564103288047624
9.363844747562439
15.833777081915713
21.011573514246273
29.912316995874473
31.316963368279072
18.63397184085378
18.971220490367976
22.741564645108614
8.957986882961233
19.062315825480194
23.42935248973281
22.227232136928784
14.923024372930836
9.865488996256563
11.931546844713765
27.51155792285434
26.726729059961137
26.4360032482883
16.887937118217838
30.10186234303353
25.84681925571762
22.69299676247612
24.941469216099538
23.0283368357526
22.353762631182025
23.843635392137156
16.711241382635446
23.252371873261797
15.985897889789648
19.48621028432682
9.207972351261802
22.853473120915538
15.677310767231823
24.035551044822427
17.46336007453174
13.068893717259579
30.951875469613142
21.60631844161556
29.996688923646385
4.7702655146973365
21.74244734093768
31.393779167938483
18.06220161550944
15.113236523711908
19.005672071070943
17.82868954590131
17.343519699788516
26.138956829739755
19.661628780247973
24.21552925799887
29.91271199033444
16.54484598271251
24.990505753364417
11.506184883299996
31.69997917599887
20.559268943464073
26.740039975594986
14.055379802401225
19.41109538200803
20.072447207555854
16.111161483464574
18.137580558522085
18.915514233996664
19.80531658139547
26.64587361639372
13.953405605346495
18.392483593111027
13.792416270520818
14.48258410830963
17.74850997936546
18.304579164769816
20.375612112565452
4.808630379524478
15.095954949965593
34.615668578134105
18.977888365535353
22.260808946913865
26.785226761415558
21.275620622486365
19.01027202859093
21.1342592906771
29.192889064082035
5.002570027616782
19.353186174394942
15.765328386210577
15.822166121423876
20.188656356919957
22.685945665308022
31.125696357609613
27.34706416666583
23.394991919199473
29.692894315467747
11.900218081646438
11.679462850430179
19.443109514719136
12.814289449939134
14.074611925640124
16.185739496201833
19.54408800204314
20.10959909013793
19.04496402933107
35.584290884938774
21.819752616703486
21.385510095897725
25.022967228958635
30.011558321967595
19.799477984078692
21.486631471491403
35.12951293226265
14.842199610743567
24.224172618509634
23.821779265677485
30.213362642238007
20.41531159211318
36.4536328217257
24.920772157646955
21.16572801217082
15.222639710505197
11.135729739485495
24.418619143859473
27.783922096044236
18.506775354290145
33.47526355199616
23.04522861161525
32.128034432800455
22.35218059882223
18.795930606412952
16.500679529300722
25.94417695847323
25.20291150361674
19.67566962387859
32.146934964148365
17.24685476672295
18.133629838782934
23.373720013306592
26.836822988247054
23.646300889872073
23.69651097908698
13.649169018629172
20.871157671933315
12.460051844746825
10.813122904185338
12.899977667378447
22.83207934986216
15.128013576290138
17.521410822491596
14.632459233185322
19.344929398460064
19.843245960089455
16.82168654807586
27.038738025313613
34.78224259053758
15.322947976266494
19.341886659273495
23.17437009470276
11.217676046668647
8.467504700206595
21.547615591977912
23.675679530537586
19.383122508314596
21.514735644162567
8.050049943631825
21.196303727213635
25.22814106809024
20.508940305251596
19.665773543724402
21.125907120390387
22.122660942520586
8.201270119253559
25.18086469643149
24.631450538095383
26.462563407269492
15.849559526356737
24.014451222235042
24.343761838891325
29.85934736181056
21.552003134127702
14.183489684555067
12.515553925429316
22.597894995771405
14.575224263695342
24.321969369355
22.535309031416176
14.605750912635212
24.12367772847691
15.857116605092218
32.929495969498085
21.757499686731965
28.583589539151927
11.79148391795329
10.496868429159797
34.166511969301645
38.52678472244093
17.549796170340873
15.483736238923235
27.709497525329812
22.630436318480783
19.356036717389774
31.921335112573182
25.606303988874988
18.04839481104939
21.21684050769673
20.450451330979547
17.295158033316728
20.153936431074907
9.137985945444251
28.58997865868055
38.55197960048648
8.772170357461544
13.237950423255281
31.110595285095865
26.47392968559819
8.590834826544816
27.643645180263412
29.568349386964197
29.09548551131066
18.031604264330788
23.97734850188119
21.3246683034624
15.138230572948133
25.70379774357278
31.594389243976966
11.907501372216561
21.33023929530017
8.959010697336312
25.202124274431075
10.58983369205708
22.064851957200027
36.20728818209331
16.04238652603062
25.66005948034185
8.899153202216818
32.3574351193616
35.71388440866803
27.348049403727916
17.71636944905347
29.351824975139696
22.702151517946458
23.58990561996773
29.936387394847003
29.152976948573013
29.073562711398704
15.801293226676485
21.739909753486664
20.841295152492012
34.859074270515876
32.3252728243163
16.531920426688842
17.44119021457862
13.454250189045576
26.876539338436622
16.383890195853294
14.432095685714774
15.36343937475271
25.626443956414654
18.93134952130211
7.863231626868888
11.651962490769844
19.106916530614804
13.352483415561977
31.86244725214154
31.50187437039043
9.021374984237612
13.663238864525784
30.927266802006685
23.48659257387118
27.08862067232265
14.810770681664344
25.730350555078005
18.98270611140732
24.796103826685606
21.641666578331083
31.2774161398699
23.646306097439712
35.428597302570985
35.455117579418626
23.575349276789485
30.19316537487129
11.43309409786763
33.662972299546624
12.949566661741954
30.88997493215661
28.04782351309783
21.021557459374243
37.18339504305192
24.544653142735804
12.394588836480727
37.26284743049853
23.702854051828144
17.188603139449473
20.95803886221973
17.28068967132586
15.807096217118346
22.693294185045346
11.720010798083438
19.277832770558735
23.880278449433053
22.64207901625399
35.52742546275246
14.760902934295094
38.70905069366133
16.94226318531882
26.701319025968267
24.303958261183706
12.47605715400767
23.374861830568474
18.992424490214788
22.51634230853617
32.202137907898745
24.668380764815925
19.043500007405875
25.969559526288126
30.388175490216906
11.819898069812972
27.97029414615537
29.506100074233945
17.07966387995951
18.01266620256165
10.836921272475958
24.559528682380446
25.106772069915102
28.405268343435633
17.362633352128626
28.847313674381038
17.461928758135905
12.318108426081631
14.237256669069728
17.21651376379169
27.54420021013129
29.1636198552274
25.420031487680223
19.261447864020248
13.160756392088238
25.27499720356674
33.88003662994993
22.902323906781184
31.249286898799483
16.075676557889317
31.515772849977452
14.52973785958393
29.578350548648945
29.36886174458312
30.936805057084722
22.911248998759948
23.338773023969104
17.68604895073017
27.230539295364938
14.636768499203942
22.243767081477504
25.76825549404099
16.565947259659563
19.36579049536102
29.406132590813158
18.648191345685085
31.146523861619936
15.394535689975763
14.62300472684025
20.179155919062445
22.47908783604946
21.527763832864817
10.109875396321483
25.405653909964048
12.834386687720325
39.396902338621345
24.52901812933082
19.080074310216386
19.356647819377866
26.075140049675106
12.943578113978147
8.750105773149839
26.63567271011042
29.4444370075152
20.777952961339523
15.209368780997655
26.5271246960147
31.469551107414226
14.715774375084393
12.54064096850741
19.10157824614034
25.152425124683706
20.954538629765846
6.018908708397071
21.735254644726133
21.3017462228373
10.22003520413916
18.677669906114758
27.272274384272055
29.63890857533801
29.518951997862434
6.004240000641538
12.900571922527554
14.307296474399804
28.413841319420488
25.91122636912311
25.60957965608952
14.988711156992435
18.9330061865574
17.37259573454025
28.768225568693865
20.156725511595955
18.519348972327837
22.22124429292152
19.066450237366137
25.6166441144351
24.923221627092015
18.2771888197915
15.833049721430795
31.84392777140354
31.195052146880876
14.66374774464862
28.734175055518534
16.159877442648416
30.525268772235425
14.981816548071764
21.589665581487154
15.964091201855608
10.558151357970786
18.337238172850157
24.44414952304995
19.625922774124838
3.1809464679634076
21.92926466806624
11.600348373154011
39.50969491906874
22.344697722611137
30.312238969644646
17.586514498470525
19.66440705952458
15.27143351690543
21.92239742366059
42.3182682425768
25.132880240754247
8.826583757665103
21.64919357216945
19.5398098066248
24.47085266788957
3.850573446128934
23.349807717885504
21.137655024319102
19.159336511205456
18.07895452272196
13.150325242884353
11.200341717268214
17.300243343562205
21.468194513286686
31.742514134921265
33.011554632870016
12.79959570311043
30.188627899298552
16.114649587182075
22.68558874511984
19.532977773388687
28.49545711038426
22.795649903197194
18.942248204378835
17.775988007328195
14.275505955080378
24.59531015477778
17.098831627012927
23.761564083788624
32.59990589987153
15.582410889200483
32.66639695971568
12.899189215015145
20.166422799549903
17.39346179446899
5.689925553306565
25.2561424560105
28.01445322646407
25.888427150326894
10.920963110824005
6.690338685948631
14.728648367505851
29.303236651932075
26.89568016600586
26.200612739898695
19.284678567115563
26.03164962558951
18.410206063123326
28.89176888418376
13.747505380826091
34.06389250180004
25.526287421510236
26.49953221877854
14.937965675102715
39.8850342823103
13.537804793282033
29.455206562701985
19.135316674639746
18.595351236422815
19.10543174890807
20.734185433230348
25.09953157184599
15.466124801905277
9.527253889683106
8.074886059003173
22.405384685785084
11.015258858218184
28.60662249765058
12.182113026008587
16.640400500232452
20.99553017814805
20.401378225265223
16.70065932945186
12.19287745670224
12.940483949379933
36.76569034818343
20.98710637829791
19.389558933528335
19.779625710002882
25.464647606437868
3.0494424130696394
24.44578376207816
13.05330197180983
31.6831470903558
12.066556091522607
21.530151239303304
15.701213442445914
15.632803819382826
26.38183234540951
15.053082525156826
16.42635437916835
26.310827536417452
17.109715878948148
5.625103181746925
15.416468231165716
15.763293041988199
15.813481339466863
29.114402339361217
23.96816971418696
30.091460992197348
16.441203990946654
16.378899758478354
16.29178715939237
8.605613221553682
25.204515481607704
15.309993896648884
13.471480908928516
27.307655041256762
12.327162260886205
21.153905445286597
11.59494589374587
31.449530378216114
18.946364676969758
31.802242462477732
24.311628372256322
25.442010964568432
20.44412639473226
16.777233450236572
12.828595811455468
30.147690207560565
18.288967174187675
36.63747963800138
16.513791054912375
23.337432250272812
15.165682797753638
24.54646816293725
12.163285180269497
21.315790116936327
26.554741959104867
31.38010476226417
7.329206994061142
18.196050288438812
15.809114165858414
23.364359908145307
21.82379887309155
7.587111151879182
15.696644872058688
21.773495328627394
31.432500112105874
33.68826347328196
11.595276739539754
21.71066388959075
31.37750731786023
19.21285475800521
15.79841043408523
11.987758018251899
11.749881917109224
4.747161545551554
28.729724364048224
21.31307584036569
22.849998109173043
24.319722917151275
27.30796391555712
14.15542652400873
17.918241969690097
10.017723448744475
10.568675153279349
19.374082206654737
13.389743532318324
19.729923875406868
27.23313874571352
14.808729129858394
25.741770622954345
29.617418314161267
18.02835782131871
19.894389561261978
16.060709784421242
29.47643734102012
34.77733465981379
15.188169121643394
28.778763621448604
16.95218593949265
21.043050092343847
18.329627504226888
26.06237254593411
14.800210738045758
10.462122104041837
