12.12481122194568
12.88862985937417
11.913085768400098
29.251561779407353
18.26507788892743
28.780852659584866
18.134712157558365
27.197136897255938
20.31802777834443
14.807207195302231
9.56485323202529
20.37653977636544
25.949638983541973
19.450102019415898
16.231961332069783
9.587011944124722
15.156016864200433
7.422120576265093
16.710562414724617
27.35371567592996
13.935722896467135
19.8426753935607
6.473985606206769
22.03524361280189
9.531011396471495
11.658463789331849
16.473652352623226
11.688682275752507
31.111465830284118
25.219386507246202
10.139195804805397
11.020629320061214
22.680231306469036
26.599174732544963
15.16968175140581
20.035306263942918
23.84335799816254
27.681989268194336
11.94708430072955
18.74634707626983
17.194290828305885
20.197521703100122
12.052823872051803
17.290213749538687
16.48146490802544
24.067264835071263
16.651902235272146
10.2211486880524
8.006676761300673
7.784369124834215
9.961135503872987
8.206630732320962
24.05243438815673
21.69062767538819
12.844439964003334
20.55336501494514
26.30993166302492
19.572042207276205
17.285358196134837
23.1554606737245
10.242131159913546
15.693007285109646
22.36464365396916
26.17524788516223
27.24259578530889
25.405045298185474
24.318942987563258
16.353759198128024
18.746660091485033
7.332305484963124
15.25523384522113
8.836474844875617
7.410217188577433
8.606648740395334
9.723848435724692
16.60786362770578
7.248071687088228
12.145411182229019
11.37826042003695
9.34378122553746
11.389231731671995
14.363041452805998
3.7692596533837697
9.678911566752571
17.333347399582255
11.734044982106063
13.494048811737384
15.962225667968879
10.060576218310414
28.898025676098065
12.458468834876353
23.217308506462597
23.242914468822338
14.242326775555654
14.055587697295215
17.51828941184227
20.228142629972425
17.612721049422476
10.030447626044788
14.02056303565884
11.012872204290057
23.327641960008602
26.733485783485236
16.35661311182279
13.838286649717897
19.616258779157953
27.232170224024205
22.347483752024562
17.244897328110522
27.257129266498062
13.630537459540925
11.45369102606408
4.801880839009581
10.317586060442533
15.959175194824457
5.982916829108907
18.053731804899428
12.076910486129622
21.061670973682805
7.6811030442630885
16.49413968579628
23.526487158883004
14.901610680838386
10.296454273354284
21.48565121015762
28.2387145485622
9.99386122408766
16.76300320712223
13.523116924337161
7.836660868340361
29.118738452352684
18.23506353190198
29.94003224995821
14.254699975804812
15.913489191793877
21.201168661385545
22.039168710997924
10.764794483933105
13.523800801590207
20.938769772559954
30.56391846589064
30.21576425149308
16.832270637309737
14.883608210728578
17.541762031817864
20.621844329646926
4.108080956945298
10.232618193083852
16.319213773343733
18.166047697388173
24.434044492851974
16.334744215704617
21.588681153743735
15.864516836857824
23.387681705067354
24.13825835097157
10.88689525557187
6.120599119504054
9.596875742379464
21.447894270593878
30.080462173618432
21.216389917167326
30.011606522957795
17.480179615857963
18.62243415589782
16.8067309454964
3.2720771146200516
14.697086657231706
24.90448748049611
11.897319073664292
8.409640038423206
4.4926301769483565
17.161624140881386
12.89017932408829
11.099935992357914
21.02513056688972
19.241806660061986
29.97478777882635
26.00566754218389
8.367434482825812
12.899985630131383
9.44678867404661
13.230044713390026
22.372693895000246
18.722576789324147
25.802398134825197
18.40836556257241
9.414559884209902
20.63351144463622
10.753631446976048
14.038311917032772
20.4025456890037
11.33458025722404
20.833739234083172
5.3831018223361955
7.971913532482454
11.585864842022307
9.759265433216333
5.729085984313889
8.644842309111434
12.643689976063934
15.21076393455106
7.57289490343482
29.345279185154244
13.958650946084616
12.269433998131452
14.82099917635847
13.824066217808323
17.14261358810214
17.45412530291239
22.44448850581398
22.67100092928505
14.835814013812666
19.77073320313452
13.447390269845538
19.705825487141947
18.626866348489546
19.313237027982133
13.982514905179881
8.889940057317718
12.70863616164903
11.292616875459151
24.40507669924566
30.091875320886473
17.326076951411146
14.279134960805845
13.347012341271409
14.615320530775394
14.068742125941307
32.77436774810561
21.65284325787703
20.08933884228439
20.821046175035658
26.714414074128527
14.318908687628003
10.320189111654432
31.579462618055057
15.471669510495378
9.084762719644527
13.677037735714608
36.293442238938404
29.227156476380678
13.6310468057908
12.747584925585041
25.048150763257627
4.63227704873722
23.227156835449144
20.67405269201309
16.79909245910697
22.99353112221898
12.86133277853902
14.80806806918363
9.821238832163216
30.388306748935985
16.24635031001001
29.681803027629122
20.4264059478694
5.0810172554820445
20.438564614259437
23.51029733866115
11.945326278277294
15.16060894421226
10.289392426266168
7.776545286695816
19.776549076175026
24.81508132099396
15.034321170078144
6.321682993386499
32.65051723376934
22.223786231571065
8.605422078493831
11.412245151909943
16.431602379525472
11.161728506775567
10.35918409710786
31.385780934767233
31.37526936995172
21.134581602434217
28.483567551088157
32.43216052137777
26.413838845437905
12.397064026868632
17.933210287043025
10.090839924113629
20.088415096047996
14.630553001090336
17.97885365320801
4.548004829815717
17.850192712818004
23.746613991726935
6.2787308889377655
24.47201343868773
30.181024066686508
27.691284048139035
10.522143227046705
35.78951798690856
12.001615453281385
7.000768671461574
4.464866451765218
18.747068250350956
9.505232506184624
29.61787477435706
13.008379328449944
12.744268222778445
4.182183641256211
37.88460041878285
29.13319261720537
16.523330651461205
11.836606235864338
16.227499169367466
16.358745785523123
29.368104943539485
19.832629810660094
10.663904305393455
18.17328578008009
16.12541847360503
16.266859149512868
20.321450810357756
29.40763538317151
22.540529511024257
13.544880887627814
30.413557161008463
12.377438649443757
19.269702749442676
23.351347174678303
16.33198835354486
19.049045476461576
10.228520499559512
7.972970708599363
20.40509239375313
18.19909745515366
28.35065619423295
5.42787209038521
16.149889439607314
22.282827953585237
20.03801829297763
19.062640843848
8.900307527126056
7.240555757358929
3.8247332489038595
13.930201933798054
28.590645031887735
17.11043819342415
28.610390466524724
21.83092473699637
14.349307407063009
25.08448182173712
17.993461406700156
21.7209880435644
36.09442301381162
20.769091761821436
31.148057792668325
21.152467737416057
26.84887076192443
17.277101986851555
10.400162704429174
26.093450230806962
14.313143835159156
5.004172032071871
25.277782230452924
32.07181952300114
13.729003802630832
19.22235397209829
21.405018232568494
20.16874366400538
25.13210995730984
16.070244371703147
8.386766846157714
6.617001605407365
21.224893103782083
10.265334376077133
21.05350747743602
24.346099904552915
22.414126675374053
26.10025486570501
10.40904362227927
10.918579608988562
21.99262309344843
5.928507141411971
12.168465179466212
20.73528114849526
19.9418091637673
10.513386344793567
15.311489583906114
21.2882177033687
9.539614805740392
16.49479988141633
19.386390642047388
26.952469829100423
18.501192621256834
23.62048697751442
15.440140936391785
19.051565146313294
16.619202518557
14.414242374454357
12.127670366595282
10.56591822392511
18.70495241211414
32.285879227014654
25.83307413467893
15.542989412642324
12.56138011063201
28.330403419353303
11.751658390838742
9.005560355732078
15.178796986136378
18.408236520973674
18.173625163027296
16.711086978139942
10.757841319014954
24.439160093442503
10.228117920446957
26.405728449517202
32.01809865314908
3.214376820167699
26.98829213488499
30.800265335582264
20.326626326460627
16.466537382288934
28.237449727539435
15.442907147506485
11.807750330817688
26.82132943317514
27.809119889198087
19.55998927149065
17.120041311362375
6.406609608630842
32.193986257017094
18.357561426194607
20.881891189770666
5.720798033565805
11.48081830830306
23.026574427260957
9.054947146951545
12.733814236720432
25.771772960932317
17.519265537410977
20.799461341223154
11.094119038207975
4.371305178102024
29.847261665951955
18.60499256454535
21.671504323408648
14.562168655956702
11.542625746677487
11.450035113012607
8.37697665714197
8.906301057865528
17.418765178507396
16.876862334294987
7.63789461276147
5.52694975772811
12.530910325521841
18.571193053653005
12.086946803306414
15.821556971452814
19.975141187679895
14.877816695351777
18.556464856220117
19.48692089706376
12.855256244633564
10.180482081552535
14.838039384274307
30.05328826191467
31.822424348808372
10.16141347100334
11.009987940322572
15.210419193104906
20.716439787260324
19.96302132993886
18.212390406515404
11.261518651284728
18.32476895907727
18.19272315067838
11.373085763995856
16.166076313756367
19.79735633327531
21.824711475766243
18.754835845932497
14.010635459712706
22.388334115040905
11.125222313785931
22.783578303968127
21.91464534033475
11.662492531125357
3.9798418650568035
22.51665731849719
7.9795885640769955
10.862708830793629
10.743562438397165
14.182312603651226
11.86597163724258
9.223384549387806
15.667564347277466
25.791429288882526
10.438549822608744
11.733466511881577
12.253811308995244
12.080702011874683
24.730581114512788
23.694470769449957
14.201309596860261
25.152622896257174
12.490944299231105
12.045665680964238
14.430545645103626
29.393072090624305
14.004876971343265
19.957810324490133
20.61045278219163
25.515771444131328
18.548783234503677
24.95185001900031
15.763662527643836
13.610950501418847
20.61382172539453
15.363725212980274
10.395591106741056
27.994727328982417
17.641718189054494
18.59593702637424
19.304824506729215
15.443286502634216
21.950501011576932
23.12268533579248
19.506677167743216
22.05897394218127
17.970547869176617
15.801645557359157
17.425631139214698
10.977973381154861
17.734480927125542
17.61556178089644
20.27472875322902
13.727341096427194
24.851074863543413
24.240053223540162
17.699919482642485
28.581466820240255
30.547078807962013
24.000396143636824
17.06699989697758
11.211789200199554
11.046732266198763
15.247291524598747
5.334331909737197
14.391356679157022
18.43175614957524
23.601905677292745
24.58921239365325
15.107955118438632
8.320770594112517
25.132783445258664
27.89470489817763
13.084001910432395
16.020146024909884
12.228345524585079
11.360098838350249
9.86567295360088
14.33609299157108
15.513533136419522
23.329022598725263
17.213392476197402
13.845621880744877
14.991428692726918
28.471675607320602
8.185966728840764
15.033340868273996
9.988164675678158
8.150237345412739
8.022681494219633
17.03199470008874
13.865493793312512
18.83453480130802
15.929240560908609
28.393195688390723
16.8527976699451
23.180962946728805
22.030046017979913
19.639187525466852
17.232234605667088
30.955327270036566
17.772293636670682
18.382639023620687
13.418650606232939
9.949780523365915
9.750131755644244
12.53564482943574
7.679998676204878
7.233122340494449
5.638623863620698
7.123427523318968
6.756131041723191
17.02150676846228
15.986800971560477
19.625538884578432
4.082021809219379
16.979938870880986
18.730305343708277
10.649474711177268
7.113891624751466
7.298807834610471
25.80529609134816
19.746219329675043
14.347079102994673
17.740086246143406
10.055903131672846
20.53087264501904
16.97420951935963
21.647790696315916
20.1601910429559
9.024727103514438
24.109392452237707
24.93035681923502
14.930279797053268
16.596585034137494
29.989269689514668
9.87317003552511
28.178119290710924
12.194409839080823
16.26956507928942
17.432445904522957
12.582856240625846
20.89862427309283
10.108424167569233
13.596097309949922
11.470616311161608
9.952998527482722
18.723109735936443
15.930160068287261
30.860972291923197
13.577321690981979
8.580951655786174
28.192247095947877
24.539858094401097
13.619356579001131
17.345703752414632
22.0320584120096
12.137835212199949
22.943460984235138
6.58753354824266
26.396994697048846
8.178246645548759
15.738889051723548
24.004101674102472
10.41463996769576
11.387506257194016
12.783784459113697
12.2461811420326
13.843222059359105
20.12030674033919
10.49011031825493
6.857407465669151
9.086629578346631
18.27720735208985
14.954471945918717
21.334311345919108
21.68975371744532
24.392401621708647
24.914595976202026
6.440234863191765
20.865349136584097
12.46122401914781
15.82736650761999
20.397568335926493
22.50190457035465
19.489228345606648
20.459203427639103
20.563886290733176
25.776461834504012
7.963024696316474
13.79383461035414
17.751494237675487
9.994102826060836
21.53917664773926
12.216986122439787
14.59065694856545
29.58494078657379
25.138458175663473
22.047958159837112
20.301883818656478
13.402802931984072
29.262136080178216
16.434281748685525
18.875796389106444
4.165466995901292
8.712886295884912
21.173995306158712
19.524828722077928
16.49919411318584
17.499678050452815
17.849093933186957
18.99169292585871
3.5570284402682097
9.885986550534755
9.139191836432596
17.13217501900635
15.4451017242319
22.671733228397265
10.046477776114891
23.954801414179304
10.90720955623201
25.273619853001538
5.705325289401636
17.99185056592885
15.925065629200741
8.400862388193566
9.651903668841177
23.609204528269306
35.21873011314488
15.340991674316593
8.886823830405154
16.653911941190177
17.360354734560936
7.340337197750323
13.913136566704038
10.519686102294584
15.224984550683404
8.917426425747866
22.498298911083584
17.00667937422112
23.780370980402264
10.782507729856118
18.693305114084552
23.863182080149922
25.489222704941557
18.07995483536741
13.13316858360988
13.721084614963772
7.580937850440729
20.323818251276897
20.22074759269044
13.952585379148921
27.287134341984643
19.614355333337304
18.74676707357115
10.696525078211481
10.06968008855446
11.81797422845827
23.00206229345676
31.081995389769084
34.74956692416178
15.744206110635147
25.77852165882997
26.91107686152718
23.130990948900056
23.993861863223266
19.963467827262136
19.578384746430366
9.19029799385668
8.783996488850095
12.036794581611337
16.10909104728778
8.773216374395819
17.6619828484907
19.704646888895628
8.606088207576104
17.611284692318918
25.05498808224934
9.007236360228127
16.0998580581667
21.243123947773082
18.797280925544953
11.428593715623206
13.163596593149327
10.917687366130618
4.390585000944672
30.506952747548432
15.93206225643965
19.244823025466523
21.137928750777487
21.792488443220694
14.308644298502406
26.25208423454156
12.135554677849488
18.996624142845075
25.458349285918935
18.163944477938752
14.328936591644784
18.8892167100824
15.1176302598012
17.214761066323916
18.894302420157405
12.765550999775622
17.511442749086576
13.616308607726774
16.401278589597304
8.020058473245909
9.262606669363919
9.232774005080108
7.114740331755502
6.200428721284401
26.95938552927423
23.71627205093947
16.363076752344046
7.875106342307497
23.853467434109863
8.149315704912295
12.372788864858359
28.76281840246046
33.2490364019428
12.043537034096547
17.62395266648171
24.0108567631127
10.660672463603696
6.42397964040986
15.513252481786283
10.268906730415779
16.932862264800683
11.389912224322474
31.288062263734084
5.456977220123347
16.341092118159477
11.227385062051512
11.867759166842884
10.951665958533185
24.811566385366223
11.716057455893624
14.814621528851568
22.32051923134053
11.197304285989338
19.702926928846974
21.536251423963723
12.534215384260518
26.146669449515553
16.70830345273029
21.404121974338526
16.27948131876122
11.426558960327332
28.348341275057095
22.814946677097478
10.96981361297897
17.99726993035831
9.984469888236655
24.824131701999583
9.871857193665253
22.05649203115691
15.861781139194559
11.589527370442081
17.162250439129746
19.02746768402984
13.772989327506467
27.466714324840513
25.739663133287305
12.954248999200997
17.95807803358185
12.700002208163067
16.932760639653587
19.200180140128513
16.868383322222908
17.337740700875592
8.31859895770002
15.642991383457165
11.536361083898843
17.90263009172777
31.12445153303032
26.30538339180738
18.397207136229966
12.02077883380131
13.323024394395096
17.936139443144263
11.392396862341698
24.691434278635125
30.489490173468138
12.423702121231859
21.709934287593622
18.396741206237255
18.52517820468817
15.360509336064322
22.142804567686877
13.585700145333782
23.846973164494514
25.51681621796004
11.236640186075505
21.298938915003458
16.48799850444037
14.545451154853346
16.39983692347238
11.433983686633557
22.89322338522848
9.828069296176164
24.479337166114
13.408651334334817
19.391253545325206
29.536714083885823
23.811239852248058
23.963268723535176
18.18513047090539
18.041215956846234
19.584918969552575
20.604027418898085
14.982481331138235
16.751792578559254
19.83485945741772
7.955211759560041
15.363227790537625
17.369875456111156
34.0126495979816
8.795016059772587
20.337136841457742
17.641242374616013
13.92618434535406
9.965140871884229
9.839887995444773
7.865692584636561
22.26897532830391
16.964582564010694
20.856224444699286
12.226737050444473
9.860853106569223
15.717978104538597
11.868605790823741
22.82074348054256
29.20941064752864
19.899540694076826
11.257763484227201
24.574904737001127
25.19039167197603
10.476917661536318
20.378700587237937
17.48847425180089
13.18863772464422
6.223515084173418
4.81781395260634
20.11519128032214
14.881685628087604
16.993923649574988
20.231127321003793
14.344996441332487
13.118918388421978
18.729030953181084
39.085394864179186
8.445482522865282
10.692962717632067
11.13112050849027
7.745087480550014
7.824559225201942
14.494432379097722
16.01500233164676
15.985809099441573
31.14840436714792
11.348526527357555
21.101699085774083
26.49331260773939
5.761667537397206
9.438893418245858
22.82303957813849
20.112012069925726
31.49120512098851
27.07717674631107
15.431475351231308
21.914122157472654
19.873066052038315
26.730832357700383
24.201365259231977
20.083352185568256
15.812237478135046
17.91314899884332
11.90875373785524
16.97333161786945
11.254544123967312
11.645666644219029
13.945767476776679
14.15045380842584
29.770660457584995
21.171661101600293
12.983055996965104
12.255217266371863
15.947825486895868
26.256425306194984
26.977094332464425
28.447705022159955
14.851483044768827
15.466569348427424
19.62780316819376
15.619673629924225
11.988841292042448
20.208901917502306
18.033153388938622
17.732340251751044
14.597329647788435
7.372257041726409
15.727646906707369
10.487757318357435
15.110168570028476
10.472559602882164
10.726574863737733
18.758321280639457
9.771286293911693
13.503811481331201
6.977980157857665
32.77061923219741
15.585431198208266
27.033060508105567
15.99989882466427
9.841958914737898
24.796652932382305
24.697202211797517
13.817131876153974
8.154804183194077
10.575938370793718
15.15128498090006
14.585806058666252
20.327121893138997
11.62580594280277
12.914084994364
22.320581687468398
14.047834950541144
18.05749068839145
18.725930064127073
5.688180835685995
19.8273840255657
15.028029607045385
13.679777019540674
13.921817980494161
10.299102822922192
21.634701431563094
33.0867896835308
16.509561378440424
20.275647193137324
28.46061576633636
17.466552478292492
19.954288042709575
8.67850149730134
11.111702150008277
29.26750764879292
20.87228306378739
21.2004109298914
9.244780316593122
14.819730936260044
20.9980660577144
26.8273572345435
9.39723552564293
11.358354364118966
15.056470001711705
16.609546018173603
12.003038643014815
22.046325617059043
22.05387094223945
21.009344048287343
21.4799343092443
22.242611205076457
20.88759986589026
15.382350727995822
14.273303342052014
24.273319854522118
18.16535974619673
21.067696594722715
32.95573069565797
25.37056010484508
13.088128908866112
14.906006354174083
19.81663030864543
27.956895261486906
14.685317284818213
23.81226935538686
15.510980093226287
20.500129576003758
25.775096680280058
9.326506864251774
11.861630004806887
10.328675277688502
12.217358985020857
9.512999413369982
6.0681143344862845
16.113301419601317
19.078269507821002
14.57431914167925
14.830813318499063
6.459753710649836
13.259333649481347
19.67772215517769
28.80123713749938
14.681623787658218
28.345853125993163
8.867995387557208
19.06760746096696
18.917074019047543
7.0554608055804495
15.78673072584421
10.11810567770227
13.715291716431496
17.01677731636502
14.472063104024544
32.754325636067385
22.790176187420503
12.522504000704716
21.002624739743794
19.27134854257991
17.776825587572198
14.868407870040036
16.369313172386402
12.057758225265813
6.677303052106951
15.027275216822376
17.301896393833076
4.760185987691565
14.85790106653694
17.895035849003083
12.430929702152026
8.431518123294008
13.981177689878745
13.397506618606634
7.543078144941473
11.636739012647878
14.417048346666105
12.845397290862818
5.974464037609905
19.30759731659518
8.38232948459342
17.535823799757573
17.815250072068448
24.61005625991959
24.625286262871153
11.27958784620881
10.720358493693697
23.01783681486032
11.816754578414255
24.153553748555993
24.232016165422593
23.255895135137735
22.924586303948825
26.522045259427856
34.39307126650286
9.338966382391337
19.910846903360405
32.42452849035936
9.955034908501382
14.45933387801391
17.892977291334905
29.860971538887878
11.782624908781836
19.79624288560981
15.994868422244993
24.204808214242735
11.92669539188913
13.991486053232304
15.921367472360844
14.202417309835269
23.460171283932702
15.928464723439369
15.833244142523295
29.680571582855418
9.635074473998294
20.65498622147533
7.796691206696018
25.569740432554955
19.583751578180824
13.379261604612934
16.67230032560776
16.759353081195716
17.409523337319456
25.55941739548492
18.736799651616632
18.080218062185207
22.700760949760515
9.639282737299162
10.794469949694461
25.982013158109112
22.762855715828447
13.725060148297306
15.839638619237144
11.108462779228839
24.563988085958467
13.765797653126894
15.336940027338192
26.620702110919055
18.700412994529998
14.861271545965243
15.247817882214882
21.613817604820184
17.748279562638867
12.728691839257989
28.438865435281176
22.970272984560456
14.224924039066405
7.432438904909025
20.89726879188522
18.16194547354453
13.918931738660465
28.44978632276451
21.6944756125513
7.266178385103157
5.277256833150685
18.47744877820752
23.243000936867162
12.242999760593396
9.857592228590976
16.31938639659623
12.825480817293146
30.902990132535855
26.726509641918092
18.64024882583955
7.713051170881426
12.141003921643668
28.36879804900899
27.303820480871554
20.429169119693984
23.13227077800806
19.07211824754532
20.63808440565015
15.870187153053394
22.3184075461471
22.91143800089064
10.477472857828202
15.282700135145346
21.459629821803222
28.9471228030845
12.5632138690773
6.4661657415107285
11.067662040723537
10.550247652692716
23.0112989740984
14.14802202819122
19.140340136424772
13.33957288688454
8.31804050719144
22.97912853031922
12.287326691945498
20.560801946491964
23.93200784735747
15.331915373131057
8.156985603434762
14.686436474024259
23.72837799616246
18.313340686210115
9.408910092937738
18.03506879828276
8.879129993432555
19.081242926816213
14.5398495742164
18.42523551042296
20.804384204129466
33.19643137236374
8.009907881454595
13.615567812915051
14.64763111424024
11.347940014623779
15.326638629770072
19.95006362558642
16.871386440747045
15.951492918640124
21.57483112689861
9.469985470186126
20.087533888204373
4.196655178296582
22.84035158356255
18.247594915973206
10.145916943621973
20.13403959376366
9.945082677933877
4.015304861195758
8.723008410568536
9.197461904025879
4.10694172822545
13.521862955065851
11.620263174763252
10.702718358947129
17.598378367776718
13.202549044324398
10.206015505476214
21.543222014279344
13.186118256507063
16.312534473274635
6.153464938867171
20.8821319808031
12.289101586342412
24.63913496460239
21.089489504336623
12.879050646037248
13.515048514482622
11.503121145058225
11.66595715982464
17.7499118010074
20.008660044448956
17.124924278988026
20.72393217782914
29.955155414719876
19.01565695913607
27.754217766119243
16.445157067888193
23.26862634602381
17.739575442718518
7.602639681128864
19.66986160351915
22.48851513963062
27.920618037203383
21.655483014207842
23.761422969927867
11.1937471919663
18.06874002677138
15.993723183553646
17.906787041844662
5.256648401057808
8.434174466967537
5.890321213019718
11.355043584059816
13.108814930872569
13.12766640819991
4.553122671262627
20.68703980983639
15.512261233063807
16.81055758495646
11.047195416796002
13.647190584860386
15.081007869372192
12.470182978336624
11.777002778139373
17.49175272095914
14.769616835442319
19.473728698786033
10.324124691418053
11.680158692933936
13.746513768030091
31.970057512000693
7.4024143372014635
24.206073141281678
11.560227915504177
27.33656637496286
12.289894433817791
27.918278057618032
8.094924993124158
10.35094210841103
16.946839992404126
16.86927165286002
18.294652690537507
23.698438855288227
28.082630803584397
8.755478416801417
18.660440853138052
9.45012355191737
14.178019644248252
14.817490278078365
25.135113125469474
17.68059628407292
26.443236325953258
18.646619808454616
14.330937042933868
17.452773816744497
11.718598082213365
20.917554312006168
8.550250227058696
12.156354412593943
21.681295937095783
18.136288937009283
15.447616639398898
22.881978320153227
6.816372293594407
13.885753221297245
12.464658582044475
30.9025436911396
13.61107034158589
13.055054770890207
8.042265452156592
16.954711213130423
17.19148377083511
16.29011475381084
8.75317584313266
21.463540635388437
17.271625415079217
31.85477980920631
28.293999382802976
21.839148316675086
17.07604474008025
13.754523030126945
12.75432805545699
9.637082461476378
21.28578508645566
31.117870287696295
11.97853214859375
20.78190783378212
13.09843222563288
22.276428538583712
9.579185430818901
12.102250715279181
18.2991972054015
15.954527835617025
12.952610834421296
20.48601289904107
11.299090044639575
17.839252092055304
11.883299021244078
21.894821952644165
26.240715987948324
22.337014917042335
12.140965164419915
23.43957392998169
12.463631699243425
11.303202185624647
20.985808833114994
17.13928244060093
11.364027805246572
20.36491863091389
21.84517061157915
10.023319644166405
17.8327556038525
40.531082558819264
23.143451104061484
10.795471147959491
17.72953692187148
9.1203509422549
10.019618524611879
9.272751850677693
11.635432362390638
15.98985227745671
11.211771257451806
23.26283457719451
8.677690469008192
13.310801460845946
18.408556748666424
27.46052334596559
18.49177274618452
8.324519986655751
14.752901234270949
11.339427148431037
33.68301870977769
10.308907354489374
6.678584529750645
16.91412914073115
15.092510468681681
17.881086902565134
5.9733030225387616
5.975346772310681
26.244480536263016
24.31997603410887
12.721515237938801
6.173942641484217
25.65864844515086
13.645197354042494
26.634276975671618
11.426435235498037
14.183609320658414
5.9295974719240006
5.085821091737989
8.348334842889914
10.02057623805386
13.691547293023078
18.626784899441997
11.878009713493828
15.001560658926234
32.61237691314112
12.04011989833771
12.984728638004265
18.755791887146348
27.96400822838012
15.109671422780638
18.74570157660422
22.255589022609616
10.66044242157063
19.372401549076606
11.227236936910662
14.709425715809118
20.281651108034396
16.722929132479514
4.9803061334237855
16.505335542591407
26.740455139182966
24.439594775741426
18.777423390364362
19.21363822208524
26.362606797039298
16.286767011491932
6.514130211474288
6.165356017253123
22.356973030970938
17.99167172709397
29.429359400708105
15.268649827156565
32.15411843336422
12.555883554436098
17.9222875578864
9.891682548081793
9.622343525794403
14.81052472189067
16.82833008691118
18.088092882415967
22.7845491733895
17.77271381108514
7.958813275381495
30.848565577927985
19.504359219248748
14.560155761080816
14.03220692754795
23.757168020238083
11.323389920165772
19.402418404805676
25.942041947938133
26.41805135344881
18.02800741005515
26.865160837157365
11.785284631109468
7.897811666904963
20.0672499111312
20.16711853155486
29.393909573256828
14.994612724194782
14.634767099462776
20.431787552534924
25.48219701153257
16.686110103436672
