12.520054331878852
14.98897329763139
6.85671678435991
26.651373871280942
9.675181520573805
24.870514811083254
20.580625130463886
10.790884882121556
19.00664447389424
23.362624575376543
27.94659099096336
20.51885797483015
19.260115190546635
22.880023267049157
30.466022303137212
12.183996545263701
21.132463031680107
18.917709197686005
25.321820145508223
6.895185400909171
27.87283463243943
9.638826457002784
23.470476616500267
20.907467042901786
19.54742267186338
28.72419130970368
24.650372417699273
22.597471346502832
23.016389061737147
20.40382891068527
22.945350539744293
22.14368346345116
36.366846891292326
18.814791258903618
31.003947466913075
30.039972160681042
4.593674876800311
22.183990234053642
23.399816711594415
26.7434381737477
13.828298086867825
12.651252353839787
12.87507952499572
18.34360290866145
38.24625377955426
20.411751386516922
33.750046787113945
28.40098646018279
26.54682870468126
20.654692100463254
31.113513687747897
20.990921564374773
22.80998594496223
16.97674857816837
7.8732321417392495
12.00520007515245
12.363225196058487
26.009907821877984
10.994655419816201
9.445273153607591
33.09144298652641
33.85251629864634
17.827856899200384
27.63126653464044
19.909902337789653
28.713483314754182
15.632868480323008
20.48682737007279
28.787167040057444
18.614232782154364
20.124663086011363
8.88200529884803
18.72356728362497
10.167028706312617
35.149495277990525
14.985130146649945
31.622360990133547
20.719086236639054
17.834592888507135
24.736999221353862
21.751029224911566
32.44365491570593
23.353430140401127
15.816667213162695
18.793113563541915
4.133005715696753
25.010390103296864
32.980380720950066
10.76929671475766
22.54304837470618
14.631257496244036
19.81795966166799
32.871551284409954
27.19242615204204
18.824206358755927
25.87734791222237
18.789432934832416
18.15657814043851
13.28361745685395
18.07194201565727
18.60163125208627
28.331727654489054
17.98916919308152
13.36225394014335
18.925997116903467
23.790786882414984
34.19457543707957
23.3900801858468
22.5298284979375
25.818882219552435
25.326738174374857
23.418809737875193
25.94637909136757
20.3431969720848
28.76926272803879
19.002694619486824
18.647229824603397
17.386404904882554
34.689547679486225
19.399878408725797
17.347638313118487
21.254972227753544
18.79053970516503
22.8038727186604
24.6043597676233
28.99200102261917
10.18328756909754
12.62181949723388
22.196812990306785
16.444793680565436
22.07025767159011
21.952999007729783
11.026148574536496
21.44998432093808
24.231218287000555
29.807207390135567
20.816907662048845
21.161038318164863
16.0137799923918
11.399950220844227
27.371806239089935
19.726142568751598
11.015173900589463
28.492418995574788
14.29615027635552
15.378640759255752
30.313238940421066
27.014345874916742
28.06438812525927
24.71981244776387
22.0696409899816
27.20341044071654
15.456664613244264
29.833558130123997
17.088993846586117
28.170924357127294
19.788462977060735
21.997575928789136
18.11526812995167
29.54392973645712
18.26122809723957
29.239560405671803
14.807919276585167
6.506095916047364
11.587739740744084
19.043457577982647
19.053242782069752
14.62795671401371
12.021654215532251
11.168436838338762
16.774075950889596
14.766644158728507
29.25195778423167
22.836279230853727
20.871415111968922
27.666570544915803
27.55784703883325
19.563823267506063
18.870489958692456
18.027667779886333
17.518228366752716
30.018835628058945
23.12082301641706
37.067179330503144
21.50834466888905
18.45544766315618
20.43449180642211
11.905732758719747
29.794092562187725
33.0979121542775
22.6505202986067
21.112681448474675
20.09572314986251
31.662951768163392
22.812828419066193
6.866654927626033
26.94382707536338
15.29663808443184
20.57188690690742
22.685893684625828
13.610399826845853
13.807368002336592
12.424792992090392
23.801942667818903
15.160839379195432
20.684501166385648
22.93206565088676
23.65796957389745
25.506734133971655
24.12576051006481
30.38670963913699
13.973050682542292
18.749463352759566
20.23534626891674
31.41348043918579
27.359701602085927
33.935186291552554
20.72172676842383
22.128912151565142
21.95754025890488
21.120723006985894
28.514757378640816
28.716886521409542
32.7796731389353
15.494403225553794
30.496527242011922
12.24498025056814
21.200976371205545
10.050079116459417
9.912485735594105
14.705997230887018
35.980523950492916
13.662910292707217
16.29698374746786
11.82010622230536
24.092397067306905
14.220926970647492
22.517290164676606
24.298558243343297
7.620470672036011
16.683567496579922
22.603790799025226
23.991190207740452
11.522162115206736
22.20109452766488
20.113761006554547
17.894977212559883
19.247942457239144
12.809975172796985
9.922309840756524
14.514694365184853
14.603685511642187
6.682912471832694
30.996391365747403
14.304375800100878
12.479923335702457
10.887470099790175
16.51829211726695
14.343688274335108
8.62760006163154
22.348305575848602
23.89687237610552
33.70039459318569
35.41193766065751
12.886863552357642
19.974812790733214
16.06584205188177
22.02821783868088
11.537870311878695
13.994392640641074
36.54890216617993
15.178321332774322
11.54016978110562
16.920725367132825
22.178400828277134
27.918984701837523
30.17119080960554
16.732182420198253
15.461764924243498
21.097809108544354
25.92031882054983
26.25690016682827
7.766736310083136
19.0449421344596
16.968301217273492
19.009044673185347
23.61617808850078
25.274344557135326
21.133181611261726
27.264036180526162
26.384468610910563
16.240726034720694
19.500002520712535
23.70680640582474
29.805616193418697
18.376781457218843
20.468318964890056
7.901084025471616
17.340210069569086
17.23872670582363
17.373602820972362
33.84650137044583
19.933268988852106
28.100181744905036
19.384004957326248
19.789885992916886
19.761952213820187
18.329941901140653
12.666417155009547
15.18267031599262
8.722743854115231
30.641018224226425
21.18310458036489
21.606313893424385
23.909622681488333
17.34910723707998
19.15782138094472
18.399590646759
26.818232825996283
11.103137847126305
26.530962674225787
19.380225452453775
12.049310453933135
22.05495361195256
24.201556122451
20.520356515010878
14.520160112727494
15.687272539679475
25.57543706747996
22.404838581745846
16.313984011513902
24.91807740302107
17.61278543936403
25.533068122502858
16.757688412632923
27.47268715561517
22.40638325583775
13.498124743174717
25.205068224504778
22.668600992300657
11.254757420775086
42.46981364784069
21.711957640207928
16.928464444523282
20.13559421038172
28.710587060974056
19.67739618586748
32.466105680165676
26.74144980124623
11.300818418702193
25.233712952768506
14.609355576936863
30.064027830023065
29.84453635966925
19.58625519782583
14.746198337712284
30.845663307813865
21.199203994167355
4.371081148235687
6.625741424645444
28.37872223919172
22.891317811781377
27.94531193346348
14.072163814417673
16.71598776488418
19.811749029456454
17.930443305108522
18.485903291660975
22.59883565501196
22.90166881794255
20.491607846646986
16.06161913093779
13.412236081780886
7.535437830635931
10.788148021914846
21.638844405917403
27.82473357454202
22.794448730672862
28.159586867378955
15.654354907425617
13.365976128209311
32.32617432930168
27.946350487435097
21.979560924550295
22.62572346198211
18.754071927693897
26.786589773401452
31.097073769262987
19.573550124569337
26.864483185290716
32.37183514643874
15.747751075041414
23.24430763485588
19.346770318999674
9.614826846438254
21.61427720380317
29.65177637639777
22.03171050208132
15.34772075841643
26.636233516978002
10.030728086767772
15.864990299449572
16.98287680798063
11.172319338294399
13.518537146626764
33.04384439983282
14.273554747557982
18.385011566319182
27.53759028084745
18.918301321685853
21.701733040962832
13.44696990276667
21.917917968332183
19.64620321519016
21.216897498609384
13.646295753331948
11.388504532204704
17.429322907649176
16.29037696250468
10.409994499163846
19.064890066836547
20.706511456934532
11.758330957933925
22.930062003547224
24.421094457442354
17.13442027620627
8.108044290988461
18.420456147145973
14.167148964327934
7.601594370694539
13.893480783826798
19.01268391530895
6.674990783082559
20.062027006636324
5.969120974852283
30.791154742641503
15.35890666306941
8.383582577180773
20.238079803801668
16.918559679973782
15.538954452453593
22.67959650783681
22.760913143268134
12.976645156713948
24.989239844084246
18.39484276225697
27.94478511597098
27.115321177921214
15.131822272543475
25.595295369398144
18.129070214099535
28.700169885238907
23.46318454570791
11.589970231038983
11.643002156363242
30.469063395603392
23.985607554085288
23.482912443502997
13.252599209408144
17.365687416069534
19.37897232493561
15.803661562127377
21.73604193144255
18.387886347989205
19.266157341771944
24.475280724923785
16.544528650276767
9.836540051355085
20.74200553759937
19.854909009686143
23.797960392929035
26.284583457663192
15.311712640873361
24.462806867350928
15.322586857471563
23.696046495789712
33.82191062935734
21.89223232727228
15.64729629699735
15.851778639378084
25.456462154389012
18.186195320758124
19.658353635714427
15.697477025809427
20.00702030343061
27.480613392398272
25.78052749065099
28.023892549833754
39.17018335704628
24.2507970184072
23.960800688375436
17.153563509594434
15.641620259116145
33.451434923392625
28.465601729359047
16.307541399255808
27.32615945851663
23.310457057578457
22.851776243672955
12.409248208914175
11.744595351175283
34.38223606023948
13.10837473564584
21.8786434966449
13.771599310310753
18.178669083924483
20.80718849202242
27.855235896828813
17.513355524754957
16.886850855481374
26.171455981200825
19.373662231130204
18.459744388236977
22.62473060904121
23.10697501104503
20.992764169394114
24.396829356665112
25.005593805673524
23.548523476253656
12.512824165467187
19.853527184517457
26.726647246961797
22.098257530373836
14.9328167241809
18.269611570737073
26.008612575335217
13.484035231754632
15.324227228945444
17.384428813755505
37.27890765847191
10.087828006594505
18.980158175652697
26.07497709351378
23.2304332403686
14.300260691498957
18.068912667317353
18.347449228574835
33.032361513697055
34.23573693345158
36.407081325362554
20.295615861018938
22.01341347260253
22.977202992680954
25.321758532079805
21.005556928007923
19.038973145782816
10.268367941205994
16.015573577175115
16.646656278062558
38.25144402662604
12.473348145461875
11.618195057332986
13.634225081844146
11.403100646628737
16.505621049498075
21.375839833767987
21.007922718589292
27.886840068912424
11.042379207107782
33.01016230280692
7.721721073495773
18.909789711298323
42.469861205538514
36.28150638808716
26.426257390274408
18.575723052297167
15.777842569311545
12.322262522706028
21.435167528301104
14.442594016043566
16.14242895055289
11.115313957434047
32.298838972477874
24.472818604712423
24.139684893636474
18.856081263024
6.101601056905618
9.264954635745655
18.306427378689595
25.130554281633227
7.285963859637672
21.90656722455241
18.14591309130036
16.24461253973327
5.994436707989845
30.60429221858772
5.0070922268996885
8.460206402837395
17.883505013470216
21.30378160654637
11.305985102775614
23.66704480371776
19.18885142508538
28.703957475274265
32.55454302391965
10.941797403773526
23.99537774623495
15.77627863253341
33.23339461539249
18.86617033754579
18.24327381754536
22.26681992141065
22.469652110337673
9.261941500957924
22.17164183925373
11.981373416557924
19.43930068674644
16.68445278296413
24.894707651951958
25.12165051458834
36.47789976119878
12.832696896089182
18.528126305326445
14.117454921156492
15.37966979411854
18.351421714845788
22.492463303356967
12.335720785007926
26.22707068444878
18.049640452688966
17.710117933466265
15.480467593141276
9.346884414066924
25.623622263520456
21.27030472257979
11.323681417342403
18.828357100456724
13.805646886259053
25.20369649106982
28.399042226616686
16.34405857034198
28.853516861099564
18.543079527106617
17.58032399732613
25.31442593193641
33.11170284039392
30.203061709265747
15.468555662651966
6.442454796714356
21.318833522387045
15.05722667703022
22.13090665526127
11.787595980695597
6.470608383946106
25.593992001343995
25.063475696507375
28.338498866772603
11.264784145661434
9.513575314269591
24.26975017588457
19.759759180813425
15.443559797945284
32.1775984278871
12.946236288784727
22.406362072115844
26.902022885043912
25.732503882992326
36.56651343316632
16.648482104687467
22.695817155724345
18.01731844769832
22.229426404230324
29.93056532138781
28.755862556425825
15.513160127668673
12.786496429720609
7.660928276946114
16.761226583705326
20.706238895518748
17.44325280990575
27.822064729582987
24.429123302611274
20.559237647852402
14.797077140614762
21.980240156639226
11.796624695608088
17.19382471836879
34.781234311096725
26.523673502320747
28.159500050306352
20.186148454110707
20.12167937177411
25.198574023906037
11.571914260526436
12.405266991192414
16.39551247381692
37.87801331281925
27.03582444455252
16.696144607649376
27.328860813229284
9.684310960801133
25.828197170322227
24.67242381735534
22.165325552027422
17.444309986274703
15.908774587570047
8.063056279427967
22.930119418313858
12.893940269222197
26.956739212317128
28.77271688894658
18.393757183592392
12.195893532440449
23.450241882400725
16.65191006040313
14.163163169080104
21.755554273999362
11.00238365236197
14.514011866926475
20.157086274761568
25.35062736821554
12.641531912779387
21.66197959423635
29.346677664273106
14.714949538575828
13.343082507270859
29.632349602740216
26.142089345911103
16.93237488413879
13.797645088286858
19.695733678984798
29.305307902660907
16.204951654257073
23.92600945525913
16.10116192079242
14.992649713898354
29.960120822602256
14.681358951942336
19.33993497839385
12.219332105729999
6.160888723211596
12.558008622790904
9.550973582531736
15.02674466443868
9.599445523901702
8.761654641319039
11.223196090707809
15.779827998813758
14.116523774239411
24.176400905237443
22.75302735987868
17.659661458693797
15.066286055498768
16.857676435519654
11.059336058318658
22.888251900188244
33.42835509704101
15.460288518468895
32.18168260581234
16.605480112545827
21.400028122437437
14.42845847009394
12.189551417868547
19.446518072618353
15.800036759143786
19.959735018230415
29.4629568332598
16.621153468319612
15.040832626320153
24.5749966559814
28.634118997307592
22.03875130283805
30.804476088766734
11.060947361801421
11.759263139984643
27.491311283384146
19.0385653580038
17.674315959524836
11.204705466589939
19.685964529365005
20.66755231165384
34.720721864771214
23.80338507424628
17.91819443315441
9.712044324422042
19.744948571856284
30.767478428396284
25.0357270998364
35.15113596506365
24.724016576299192
27.41818121850989
27.617487436494507
15.424216571054233
15.013943727860038
9.327214098440308
14.325697180918297
21.593280150950758
32.261215165856704
11.030660715441885
9.72065796780393
16.17797922889791
19.66056282571367
18.507196329895567
26.081777189243393
23.271651784957186
19.06748218147075
28.384532127166562
23.90075240460794
28.44346496243517
32.43356951271678
35.016386756263785
18.678329380766645
21.60749115705979
16.150384487549506
20.874395633142793
31.94624773350307
27.61167152487307
18.273407493302027
21.358883390627184
8.59485234226011
24.615482065260927
16.63847108505147
21.695747828746878
23.560385179538784
11.18801918958912
20.649351215310606
20.716286861252676
21.685329370836453
22.74785634674797
22.750447751137088
27.77213640919206
8.95299383273463
32.650770224015076
28.171565352704064
8.465690792691921
10.225075367743228
33.65328122486241
22.770973498307676
33.23268574796005
18.6716223389061
19.621612021159855
16.945319527285946
24.00779270837489
19.1195757385226
12.556873731132544
13.69466857744212
17.768642883494433
13.003080953411512
21.06725802296517
15.907198125399162
13.76257622961471
11.525622980258461
15.926464261398904
24.578523836979528
14.453024512073823
10.197208551464263
14.780239906769609
11.532007750663372
17.260095110169956
19.498406838161127
11.962125148397027
22.724549822256304
19.103124754037385
15.967522676313118
23.406073309233985
9.811695631879209
16.324427022894643
21.40485165859446
29.6288712527191
10.277274108996238
24.622152164192208
23.259902597218293
20.89082499958383
4.389429212742601
17.13448746736756
6.315448086985557
25.428383813868685
20.23628631053808
15.016369476099069
18.93572616038677
17.207342376297905
16.311227749128953
7.500174356037743
10.906978983393572
11.577511740622196
17.21897545702771
17.995383593287563
39.34651587470121
27.403226583652945
22.789172222765867
11.283389561657918
19.976720641632078
12.897855448784759
10.2324683953368
26.582478710996405
17.74780207322997
6.22220662162356
15.961574741671953
9.297564424141534
26.320275905037082
10.285648612144401
22.538211307112213
17.392014717207463
26.660482094576356
19.25783029872079
15.97284440225886
16.167770466474153
17.064835035091477
15.838879503291617
15.35913572501982
13.191700437839264
18.30378515518617
9.041512276935
19.818403196576647
7.0395003297445715
24.144277916481894
20.334938041535295
26.560948782433453
24.575048829153534
26.628058109960385
8.87944738542153
30.088417521829616
9.352769398026425
20.416477724599698
27.90490343695546
9.72667837967093
22.797287530725097
15.642959398657533
16.63196352050825
18.494698948072923
29.530907641828392
18.270030602953803
25.5086751427562
19.16282251030649
17.877307265377915
25.592591624190742
30.817388559494187
12.258852899355269
14.851894919939609
18.692954913106416
23.37542377549287
26.858774243968195
22.327551000048285
24.48660733919805
6.910731624375474
28.802229130933224
26.41657691163806
29.64101397045452
30.66523826856125
9.959213412111595
19.92324746676685
23.97632300024013
30.93870010803391
15.26750896936351
24.542811615446887
14.830596933677992
11.569469243083697
16.69704886851351
12.346549621533272
24.826257078370862
33.85196599105585
26.767794789715637
18.99169450761331
23.96708824926825
17.619795225161173
24.280504960704302
19.122795668661478
29.264118867442946
9.447262211786528
24.942481764599815
26.858362981865334
29.568897168519317
19.26182377143707
24.77529896824332
15.656223016885836
30.76650615908411
11.38594522028016
21.31250221576821
16.611898390430273
24.800589692528604
22.890068164960642
24.672220101551815
28.803023015744408
22.131978675848707
29.12132713438458
21.789600168392983
23.110545479180367
9.527051320969242
22.297008322435847
11.436178649285628
4.832357633421611
13.076972573650428
19.059745073257602
8.534694089847559
12.252550238884268
20.937399246647345
14.443681864331557
12.78795915044559
15.527409764347206
15.55607993195529
17.8705155423098
5.93846433912084
22.368421757499846
19.233377712238955
26.09794903912953
17.807779953410975
35.49955466482156
17.659263506518492
18.913797447560853
30.81240874216546
13.075698585027943
20.647849223329576
38.993980158202895
16.105672614090317
18.721335070097748
22.48486834591398
23.790311720078105
5.567721456408573
14.212649151018526
21.039761833931895
14.760233885371113
20.88961586514563
20.51142062689684
21.87149207904651
9.798956819695324
22.45644567676148
21.80796424316463
17.554048508005344
34.82132728036979
15.108767504761
27.210045592228063
19.04827929623288
19.447122717256786
23.885734339492892
18.71442568064817
16.080163634125082
4.752324386760931
9.839693646830817
29.05055400233158
22.338319123395298
15.28546330113937
33.01659264980247
19.185332449665957
22.387006770461692
17.933202674111985
23.697313929005258
19.11071891067724
12.667158232742292
28.907217386398987
24.025857174302526
8.309051688600643
23.47705534786894
19.301018927283774
25.24026412397626
14.231240199592829
13.867649633059246
11.780854542911511
23.90675951245657
10.462075204730846
19.956737147971662
28.958166685487267
15.020573448028815
23.43315270153785
27.470848385752358
16.234478911696424
20.806168961986245
11.75803690901328
13.747288913411268
13.429326739545946
29.749697212345243
16.302425515234923
23.374742989051494
24.7967667097708
17.089373215955646
13.700039226285279
25.555462420464725
22.73264015239393
19.558140315187583
19.952034465075386
28.863193154707837
13.804997843296755
20.148563066732443
22.949604229646052
20.719359538923282
11.155420169547034
26.625008338566946
11.845255044276959
27.589151763311612
16.56163746843238
27.338018791861035
11.857513751882594
22.20213465562016
24.175266175450222
24.425203748959994
17.62890525138609
23.180542070922506
3.6056774918826933
17.37941109355806
26.534727795267518
21.41431143286733
15.026891313236243
14.355575979186575
23.738446684080213
19.458662265103293
22.35526565591708
20.39480750868281
36.993843244200384
7.17466458101051
23.910022582024496
25.27084912199679
24.44059428931151
20.009984759940977
21.659283881039094
20.110374568362147
12.14789785469455
7.695290995401724
29.076085831386372
19.52832576091775
32.25315488116975
15.338475107947561
32.27684962891738
17.135675341183223
15.389085972831495
22.855630420385815
12.718007347479455
16.341456912333175
24.79140297396718
8.028250695890994
7.443853754794037
10.190021366262759
27.00135267586437
28.66277561206107
10.080930643885477
20.70775419157856
25.03016774965476
18.639705348443194
34.28555551913365
19.812403996634014
14.666623864106546
13.280347527263537
10.298976832593908
22.029831190567222
28.65505358965429
11.911290917318393
19.305289832541675
7.812398953651651
24.08229452407576
19.862275708735318
16.677856808848695
23.28421647099042
12.078848798355043
25.95008829200478
7.2361036463025314
18.736074604044884
17.63330070993899
19.98789816322686
27.21400247149206
18.694707989288176
29.8792900179981
18.108547179232914
11.440890815074088
12.570133722962394
17.838533604899276
34.621491972010986
28.54958530564584
24.87101026086572
22.92146888056434
25.067540192392755
14.891466959599196
22.110848037974947
27.796695734884615
15.701314239340268
24.469077199084346
14.71847185964794
21.08279471341459
15.947974913013395
17.755045024564918
19.479484224316934
19.425707903886458
8.7421717015434
19.336627604142432
21.73330052037034
18.542772262302798
6.885101660930601
11.809278401409685
18.552290050329564
7.928486978190978
22.95184516687522
20.329765992424733
28.7590259035819
19.46891733155642
26.22886183087044
4.801623720015609
18.598736615269615
24.605991686457923
22.52129310426302
25.198995838285366
12.935177244557668
22.106176916737365
24.609036130525826
26.49851885686084
16.3630796734272
23.83195368488495
26.429612606954514
6.059932772338633
5.555987179062437
20.62596429705971
17.544869637836296
20.624210695428367
15.994740585571575
15.01658352219273
7.517376777853481
24.220310801357353
26.44805873718277
25.648400192209763
18.945316119772762
9.761008649401665
14.582220716158218
19.581204324798296
9.108957405389264
19.935972829488385
21.467838002725113
25.103869045186094
20.16565282195162
10.292559944446293
4.871688960882376
17.441118829087756
25.545421536469764
25.337155164593675
17.29597464770321
25.206625736507952
17.80402471150363
10.087336793047621
14.275693219951732
7.905218492486792
13.796607415144404
11.149897694528539
29.025161919140487
13.879290590417057
21.769215485830475
7.559278901311063
14.116434153503182
29.787306715724096
34.75969354337556
23.279598668291154
16.501025347886706
38.74859419328957
20.196369472484804
29.324062141641946
18.60823460168453
11.569031971440749
21.166063439208624
31.729833177376996
11.572518344383884
33.284130582340616
13.473460815280077
21.74660717079692
25.573088401172953
24.97756708988491
28.032025770384756
23.75233556572027
35.687993551593436
12.44226582842804
24.730672530655237
37.77055478698504
17.00694713570126
13.812995350542053
8.340904747987288
25.76715676305923
14.672634353857912
12.25021291329892
31.34815588546718
10.734867340725776
19.623988165830976
20.08730921333222
14.68272494481855
20.87168604223382
19.63421346241733
16.43270354667604
27.450773059109434
14.7311831691735
6.412483701372076
22.68145452261911
19.912531837007908
17.281797540431175
26.708613538429255
8.571212841426208
12.721212924722254
14.9528854877288
26.04595859531199
26.657925421421993
16.73904237879086
31.710685795522508
19.538566714206507
13.951960461120159
15.047366536444382
9.990376642217605
12.424326491082416
24.24971091631031
16.708395651365787
24.2714662076982
20.666710729980796
35.193128933253796
14.02038352871509
31.201235494658334
20.246207202141335
30.558508963944732
13.66113925273639
8.630281670890012
19.71482921078965
19.527899836052285
22.99968008404882
22.24533098563285
3.6012920197655283
13.57375301111027
8.544998440258972
22.869242879775154
5.4991363640502975
13.399416806286661
31.52403978088184
20.74043137034718
17.544055849624616
18.16697450980334
12.583143576339891
31.79562502069515
10.52721386396136
20.603559207013184
33.893156508014286
30.719532186182004
44.26383580466237
27.81824851741336
19.62620628513509
12.196557555750132
25.323742814822342
13.660826572550809
22.65494123185509
23.1531901404945
15.683611302625554
24.510124939472906
20.24772176950454
23.856630952244306
23.412608990771822
20.06453664254764
26.357311790968854
15.905522246483125
26.55901507699673
22.08960297618934
26.172031776178343
14.655955229574728
11.237001556037574
19.914730011348254
34.3932864553417
14.145498088517117
39.538176459620054
16.01590382481926
19.503881987319907
16.36582153017877
19.457505322227206
21.12693103241177
18.677707276934132
21.710589466014007
33.050927820479316
27.409630093460887
27.485110207242176
21.68397560087423
16.99369681622088
36.40807552504545
12.515884590339953
31.709557626742207
25.888040367876894
19.86746797971968
14.427823287941822
13.233882240085558
16.978321558330325
33.12176844979659
29.76314174110717
14.827145578308627
8.804552812812574
16.151871743840854
25.362318958996337
23.20872941886169
16.368379047799422
22.119549699005496
29.491661277586022
35.23224392869671
18.513822145437985
18.595554507872997
21.410769430697677
7.722193752075754
21.567729992377995
6.838311866707186
22.05369129074802
20.0106291588401
19.394144316051367
21.63172185965639
26.33509051302308
10.920975234148445
6.1821365094577825
13.938513634159408
30.1832799683669
16.58484104075483
29.17952034003639
22.679425479825955
9.398660064777859
23.75393194645524
8.829202783781648
31.39961329306163
13.43657628260382
21.25469727623506
25.341182985288274
12.961203389767242
23.762804728431572
35.822917774149495
16.746745100120304
14.837639777947617
12.41583074008601
14.646074170248442
18.263591083534326
27.98292609707171
31.639668032065703
24.2798777643356
13.76175005535418
24.348213581975642
23.33836089191021
17.3902733323408
13.992689441121732
17.98402031686585
10.28296723541479
36.22126353886339
8.826448221911157
23.182397041511418
13.961699739494856
11.831844058622746
10.846745696857298
10.60928014524203
28.98487355980911
28.139506885738275
9.235962598586697
23.988988602037622
33.247328996986724
23.713793894551948
10.824189206332557
19.88977507441845
9.336694468453327
13.53891983101892
21.902922506685112
13.783497465246779
26.015122232971386
12.74543168582883
13.250406335624785
12.55761690236219
29.673547891938558
5.953475849470065
20.190179974487627
31.33153694521372
24.92457707824177
33.05102279088212
23.5684418254315
11.550950147984874
11.130819985270355
23.81154211981733
20.172913871318233
9.628035814837553
13.912396442372755
28.878971436135664
19.807270721204237
22.520377040922316
33.15542735519763
9.350855915415824
40.008379099881225
12.996541793633842
25.154244565838912
33.506684919630544
31.408235450209208
25.8923227892456
10.12747543351336
30.724300290274737
23.160056690521333
11.679320442140378
14.868376729238314
24.898019930783757
21.9237938315066
18.471933691801887
25.600330582694813
31.01536483813334
23.56887871174764
14.013071240394472
12.445041839670724
17.116383152118026
28.30685385901414
12.94477630884818
34.80983691073334
27.612689551390137
17.174227549512725
19.486934990319632
13.419087495171773
11.963840141956318
16.2839848636476
23.282671196536675
25.232647909758533
10.528919662622439
6.036132480940114
13.856617120348044
6.259640504758266
20.086464094929827
20.796715541108703
15.808112539424965
14.759285523309021
15.764959831569845
38.75847525372164
