17.764279843936677
36.72498391265165
10.777143774480516
12.448672625377316
37.11423143370174
24.53782622602801
32.72356074368427
20.372260999756943
30.403648129844385
15.643796571803886
26.7837190768176
13.392842660033066
12.024389799237502
30.396296556103152
15.191220938213531
19.73544540766834
16.406706167041847
29.415493537204068
14.456532514414517
7.077467718826636
31.50970529317258
27.1422210670597
14.796824320989742
15.87453990697244
25.246334393922876
12.798813063264456
4.580531417147171
13.993936730165126
11.56415232164342
6.749393126289093
9.690650822934044
22.687452070037352
19.54504831809314
22.284426463199
16.600854528616235
15.992752553969797
15.027483150270786
24.762490632019187
21.5662818343822
10.272695046471863
21.620843174468213
10.219864822502391
28.83011971504146
18.785101804909516
12.551111119104307
11.142353550740566
18.57593503200296
6.792795392347812
8.192907882920387
5.983567190744045
17.614598505143555
17.977208921230414
11.160411817050148
21.096899775011618
12.58530882937693
17.991371052364766
24.19896942158822
31.004520703571252
28.8477633110191
35.047908160033415
4.0143330268911335
17.070329496459415
31.862321178834897
32.829628164655325
34.92301790384742
7.045082016443605
14.267581267110545
28.37276461879439
16.3862847747834
28.667345251024223
38.45420696231274
26.7635526831079
32.66998963368866
30.7429829982247
16.690716394985014
26.811613112493887
13.141024552637527
14.624576296071956
9.068015690898704
15.404191114867837
24.584701090992
15.208696031687156
21.777340829552962
19.501485427606777
21.714390640386544
24.99627438494962
31.676316355523685
20.072162727083366
20.543555987860806
21.138729867929882
24.16011001026907
18.841138414872464
17.920772688148467
26.830812409844704
10.492110007442765
36.33905796974693
25.994127928468675
25.303914624668405
17.1826263952693
16.85966328509886
9.659398897973722
24.270397044196365
13.537417721258239
4.739417728819807
15.788406947131282
15.347783624180142
13.947648138170656
8.671607918310793
23.45169742586534
13.062707344027684
31.446577841726523
17.510289073643214
20.2310304379405
9.398934543048188
17.270113861653954
17.112162065928356
18.143407991338115
12.742964864735377
15.83820073567147
13.021982400476029
22.261366031355568
15.267900266050185
22.258520521818255
31.473574103029446
24.877065681313116
25.277747525088063
23.00123658487871
17.525651155077778
36.47528098527821
17.583038388944463
37.42579204060663
23.179820829693362
29.884131689782656
31.598938685243375
20.79652697336897
16.04467669851684
17.796123386959685
24.31899276999275
17.145547586971627
25.37660149179962
22.390843947743264
10.386022332740689
15.23428421412591
26.142081412745743
28.3602448071051
16.27579673011096
10.5112135291341
10.994803323219713
23.05765549086322
14.146873248193183
19.563859880934704
17.68826595950504
25.869679552125746
14.829320804669573
6.50295810018375
32.11060654069103
15.715831341125812
27.40022876092431
25.04618477998814
15.404198735902023
23.697854498364062
12.0992330172438
36.49703978145634
45.85200113456843
18.05567067868206
25.31226602461581
33.96800410940839
29.529707205097914
23.440459267043067
37.23966851864644
27.240044323436248
12.982078071347681
7.6172735318327796
27.167374030170837
17.01458554237115
35.38424097534642
24.042559830654756
11.433701710060886
12.440636992892573
11.014028909474396
11.364609433832282
9.286895157576614
11.15692984010557
18.47060205629746
16.600688607635888
17.25817688584731
17.73716249002199
19.167256871752404
36.93892095057366
15.464323672668982
6.130986547742406
29.93172366556859
20.38000570035181
19.522480541475844
18.924715192558605
19.94011565942633
35.851183426906594
16.665164454164657
29.695159647652588
21.133678678203662
38.45012516080258
16.104970595696713
21.857836030158058
30.175697066206663
9.647852988448923
19.498730570171222
19.788989960921704
22.26064074458935
21.073131436882363
13.7535030692061
16.77116054833696
22.326646818604925
18.381743945461793
21.329549995035563
26.137336019746826
29.461842809975856
21.176248509792206
13.1486144951843
4.913535585480914
18.314426508978876
25.86634816510661
20.85385275325371
14.178216720226967
20.769316809383962
23.92084849204123
13.789456779052914
16.668487917342134
24.19285057078524
17.2457691612964
10.160046088387197
23.309593480594973
20.70545762059337
27.660364097253904
21.316695596548673
17.924049195869742
27.04514897910524
30.282623164648996
32.51570797788265
24.695324712352118
34.84683104288826
25.242281227114407
19.255823564310763
20.65118384082612
7.434662935323848
39.830925169151726
21.696986772865284
7.976109252156869
19.3855112747411
26.45657409714549
25.077864640620653
17.952006434189695
17.124791685151013
25.407081950015733
4.319001321130405
23.970082065246054
29.732943303984385
11.142201368812488
33.98062750545951
13.929264068195854
25.154709689795713
16.268307638612303
28.934685078724215
30.421198579490106
28.326694682250384
16.47493223717249
17.915430923727545
30.663743696764023
18.88030297369842
19.874973221054567
14.721379837157668
15.65480335772524
19.49546848127098
19.829349968210465
27.892699721416008
16.75875048060523
29.85210351758695
20.06647267688405
8.939395151749165
22.710109414681614
34.911980561036536
38.39670779126277
18.643968838147238
21.769064287227554
15.217290282126184
18.58275632824004
13.263846902993969
28.90135965366813
21.03529227819333
19.482547282341
22.404516365731247
18.903019675603908
34.42269371929375
20.068207051241334
18.31903741967635
19.994830674686334
33.40400900114063
21.35469394880913
21.536141911900646
22.042560526421898
17.914282235631894
17.223737100225314
11.234033127518405
22.06654741948647
20.946790358502952
23.537405090657828
25.971378525365214
24.461914952413455
7.267090297142571
19.01280759124926
39.261453457082865
12.219020826155932
15.02602515181906
11.245164349241119
18.586080103412876
24.356653212954104
21.313230310714705
23.35006839161527
17.42928399495062
35.54072337178768
17.505015358856678
13.86647714102377
23.438463555492895
30.030171968568986
16.19225383267192
19.079630663683798
12.043691062708998
15.728994688995337
27.30394168792428
20.537576486037846
23.14025244587223
16.744481027488806
36.08171490766322
8.460749473687413
10.440130247923317
19.185665650310785
34.50423101066114
30.152204964124753
32.26560136192057
8.093247901835845
20.18165625584417
18.701641928052272
23.562138540719022
15.45587286735184
21.83523421607907
21.17921312486918
25.53507206729031
20.71268175563838
22.91508883066118
16.209737990103132
35.598307774467166
30.274612331741363
24.105410020000754
14.797350013568751
27.65302112872642
11.463192472374228
24.20396854090142
11.770893505888925
40.52181933132836
6.9111743537447365
31.45301627905685
20.32137502320137
14.181598573968508
12.870784209242863
14.402091056934971
16.976626448696695
10.774825445540648
16.122947867670444
20.754990543162332
15.460114213504358
5.692271761832792
15.472284177682253
11.956841574487665
29.86348171444606
8.402630759924628
28.423488202400797
21.149461880214847
22.68337481110307
15.806081603072235
9.841146929927692
24.97378996643197
14.148753376012307
8.00337208493606
19.967142141573532
12.234536636403323
18.12055139168759
14.009502773108673
21.924217462002876
23.106967873536842
15.038378779261834
35.22963664718766
19.185850618302723
15.168314645276078
11.763885745564556
20.72272352859048
23.822346476670266
29.71592876333187
26.488344000440282
14.139654967735462
27.538684590654064
14.844516797530625
16.432875321260692
9.61884548866897
24.32895444057183
16.400718727063005
20.242298951057958
13.731450745771108
22.363077687761
10.37937062555598
23.61297770634709
22.967484131561648
8.365028449844116
11.007495289318959
26.335092874010616
36.487197660488185
23.638361958123568
16.754277949284052
7.569001548208917
13.184911793561676
21.34947022963402
13.126681263550966
19.335544777583795
29.34581902768382
9.544969335589615
17.933379409637933
24.669902458284103
18.28700478248603
20.092240809542872
19.16898722025359
24.95140511165968
18.0713723510816
29.76004536032781
21.84236905449193
26.425155262064585
24.60312175085028
17.617051892384367
17.30837974148549
18.584075426132667
13.689744932191642
14.282225104499503
16.67798951475843
12.266978820150683
19.418478605460066
21.152586673345944
12.885939875246988
18.224189407969927
23.502801849613004
27.98125063976466
21.119592628657287
9.95564511126193
26.417704096071212
13.718318042159611
16.136155280339796
15.431319293842444
24.588817122170614
26.725389831571135
9.886196163904023
26.365273348746904
19.336559922120728
15.643202247479632
12.372681619992749
29.41020134899776
20.48054546035499
18.320459761153234
28.36678656507511
23.51101432354613
26.123477511856386
28.142694131295805
28.635050153612394
21.950419745206883
30.84156595568016
12.075046852573516
17.77381297967779
10.572234364659204
34.32692571910443
23.305462970834004
24.72933896865712
12.457894192834424
18.77703623732121
13.628593200210558
9.272441535896377
34.32028487591658
16.551875565072123
17.88457624486728
21.08338052527794
17.498182646632337
18.084724639929988
16.43219433230998
13.938332939768655
16.056878095241345
30.569769024196468
13.754562737256123
17.003175164254912
22.68355175153084
23.17904115610386
15.022646173096344
18.079482937651772
17.398548904335282
24.039805801989576
26.073409045567622
21.5901285589006
31.7604616818738
34.504631924499
23.39889944337726
11.414473095482096
20.43983909105268
28.156249268973013
16.81264060184648
31.51160667953447
29.06177458344298
11.619213376928325
23.391511642139015
11.959582714907665
24.068371429712393
29.676830060190085
17.441366371837685
24.29817170357088
14.997855812317802
5.4223169678051955
8.619595291315605
18.31596026143804
34.91572752135653
11.197319686166155
22.681005820261113
6.131487922663862
30.562258699137686
14.732719031907898
16.649808963569722
15.631348804771399
23.936825474150808
11.423554650684116
14.906570079458982
11.156338977203504
18.969810286529544
9.217970120459308
23.196099599553612
21.035504061595294
11.342208740204436
28.88378301241859
24.783281167642997
19.278925791432016
31.54615116742593
12.583348784056849
32.02123881436233
22.09361601758423
30.492639999102057
24.5920329759229
7.433576699450078
24.63054059858833
5.286283590291457
20.413771854206704
24.695112510769565
31.9082858009371
19.05850596513229
15.063713741533983
10.977528215010189
25.534266054013266
10.270275600023917
9.08031431281754
26.569432099057256
23.455524723718796
28.362232537955737
15.876720974156393
15.160538987774608
32.130493517595696
20.05140473166929
25.589010846933164
18.164577260453147
25.562782068911183
21.072133191123854
18.212679900989432
14.456886377783842
19.434578689204567
18.18988893661787
10.214813185215712
31.327476768292456
19.5954288549714
17.738118614208286
18.555294838443672
10.708577986994252
19.17000196082466
21.023260616557526
12.014495952815428
37.114088002774096
6.963793253150072
19.3481158945341
30.331286955577607
17.206864939274823
25.664994560144166
17.59091041125487
21.9716066150561
10.276133336416477
28.452597584854377
23.145143619365996
23.74876476789755
16.883781313795716
24.30705467324509
16.54943590164015
21.976590749040934
11.789428402905527
17.307833671751613
14.180668993008279
16.288698217983907
13.180677917113954
15.319205541923875
12.142890482019412
14.672859898658949
32.56278851285211
8.806468916766631
21.517565795744392
21.983470684097142
26.057476253575917
34.157348227216296
23.155697380491745
26.63660772439829
30.32919493019004
28.41096194202186
17.126348261079528
17.69312018106212
16.37718838253696
27.57309088687209
20.302836249865063
21.822039470107327
33.050108312229646
13.981495279283894
19.87958502782436
28.573407207013393
22.41247889930045
11.488886522501616
27.311410208099186
25.78856886001538
20.01041771212758
17.740528009364727
28.57285374980157
19.658463417539078
19.106540865579838
19.24254242126991
15.123428500851883
23.879446312682678
18.14910996485539
19.61441428429409
17.745275482401546
18.896128243138584
22.81137657460575
24.602645444975305
24.307297521404216
21.75382835565554
21.89280633519297
24.364353919923182
21.2965237562116
19.221575391983652
22.184152008923114
22.703043846075218
22.119170285163268
21.679173151791627
15.404290033832838
31.26982698610134
31.801290183801125
10.884860876547751
23.174076566252843
21.727709678666333
29.792772259073267
35.145234734150065
12.857919707365646
6.662357183142461
14.937982381536557
29.156007983296362
24.353334682172694
21.76224183872253
20.274979872366472
19.79726238113036
12.273200301733066
14.426198122997333
16.626589956895227
12.556263047985112
15.751128410040161
33.7571236813935
12.563159278557862
16.939466600898825
16.358055116064907
14.3055330422346
11.803598364021104
21.131217074329363
26.485868485832516
22.56414826382294
22.918680783531073
33.29820753434746
32.17044089354375
21.495156775392083
19.52716793070564
14.201010307844633
22.24608682098971
15.300521560598506
19.750904206989077
16.695823158991615
18.345369976856997
27.757857962187227
9.393588946705128
32.16391025794522
23.6237820347542
14.557239887268684
24.44300301928639
10.674537929493187
24.27634152119061
25.396007861404073
23.25581901555692
19.017453770428236
20.28554119611968
23.691206960229888
13.873574913395249
26.139258062990468
32.03518809395115
21.45908813323936
20.047848988860103
11.924861423077894
13.10560398529089
15.695455207183358
17.625522486285366
27.548064087578968
18.39391704017527
23.970639549920154
17.40639590098839
29.67728830372731
21.329949425556016
11.829862993166337
25.235661201537614
23.531341687964236
30.27121675150734
27.544465414428718
26.304486651349592
19.100789314988656
15.493994623030018
10.49581952180741
11.29136660084553
15.64684427556411
26.484490368339902
23.883565523979716
25.1001256003037
30.012848925816126
27.438317201154977
19.536125075951144
21.476876812433915
34.97839037541896
9.501953613038285
9.617416303907202
12.603995338204092
19.56159733308395
25.333371169830396
22.661739371901955
23.694499444191564
34.204270763738606
31.16158022421717
12.186999889576343
28.43114071439411
22.32405150593
19.34293320758851
7.389552036181779
27.11290881007249
15.506424972078923
21.591450061845023
25.781476863181407
23.36492538784729
19.483870762285594
11.49856533453637
32.40762167773598
22.13940952070063
27.643005483408317
25.912602313545822
23.77922296963239
11.946898389966464
10.54738603107767
19.608425642279638
15.51250933579386
41.909902832643326
32.162930460346814
26.054620515006867
30.56782342653032
35.83579281347231
17.9799064584962
10.156841093538182
17.413292081240243
35.49392027906064
29.574541158830932
21.734896530064916
18.336181486818052
30.198559566963667
27.879638144852198
14.029070123814897
18.647440536376553
21.950792815771592
23.227227165036357
20.175869843113354
20.532644953004674
18.181725765431224
26.6949922617542
14.293535302866449
10.761089210217362
26.66401256333694
31.073429066764874
27.32097285767756
23.096745361645734
11.851618879997647
16.880961575362395
16.521047147974986
13.186742501798202
19.60388025556899
10.62464605605728
39.739325874524084
29.1178753453903
16.615786258952504
22.691843608749622
17.211675211779546
24.12455637338859
10.34400722210097
16.37389069877646
4.655731113536532
31.682443841123433
18.020659438493357
25.007831057399198
9.86082692522356
15.725120248686647
19.776048764337325
26.246668233564993
14.461350212532217
15.568720803049114
28.87742994375813
20.58951134358842
21.526593481454167
7.232973038185869
9.315986381223944
31.007249101636113
12.019574781599525
16.639204163011502
28.8533225123252
27.276447800599694
18.244480593944356
23.16357534509961
23.718427041343652
23.48689514036335
18.498659434945118
19.300819606211263
16.668943974929988
28.484593901818712
11.548281241954507
27.249341160653596
18.36151003235274
11.281237872722562
8.240439069426396
20.782923620163977
25.800148878699595
20.764372372809863
12.248599905903612
13.809573311489293
13.37975545141407
18.994193817508034
16.60656443856992
14.826550988063643
8.616513730921472
9.205689750526432
15.95631859914873
17.368735558408595
25.169777103396516
17.35723577310644
13.841630879603775
11.072360017389782
30.517121530979455
15.333974581022675
20.729310748379838
36.245762512245896
28.55169555500707
15.48606595255793
25.41027920502717
9.904768811607235
13.811574711332788
13.774126060030126
12.942813966618894
15.364648804019165
29.977785317019787
34.092866700595536
19.55210729084928
12.975372004873092
14.524884329252961
28.619823054202314
30.5304100839627
17.943069537904176
21.805548110238004
13.507577641667455
20.44214937917853
22.36553676982849
27.15164041688029
29.50262044204451
26.622094917203142
20.307427225104718
36.92856775283029
27.381943396617697
14.50039002335288
5.753222334731282
16.15860539124597
11.813181076610517
28.214880505431392
26.82960566028291
34.07752797018175
21.03956765888858
19.525774133848834
11.666052172557162
24.27543726556036
10.359157735266047
13.247537485399953
13.133911019232018
20.19364193413722
5.961433939299109
16.866249648075915
10.741275683485638
20.314387950702088
19.346091940530844
22.063440804067923
18.554861707910646
18.888918404524297
20.080063187417935
7.8729766007007225
12.686219115178138
21.308337131848557
23.788007067037857
20.70295525349709
18.477318904865697
12.056238127297165
33.96846912990697
12.470396928342245
10.10606490163168
26.83061856246575
13.49986475782759
15.139010950288753
13.414053613205311
23.235922524483644
19.439423247791986
25.156682527573153
5.777893091300862
13.045102820446287
8.623315560909107
17.224430405565883
31.777182038829896
27.634194986694233
8.3276410235716
15.991330825658348
22.920288420590836
20.030670811214996
15.405270843051285
23.52741519277565
21.725283978106383
21.51625151744067
13.589730022681085
29.347230844368205
23.85538906041014
16.12056299124041
6.505149365153419
18.192874535631358
27.027845530186628
26.735302364051435
18.07593028047503
23.377531781136774
33.811917298855654
18.635576466095802
22.728790614614223
19.99562961532646
24.196927929485582
15.836422534334776
11.303848901779318
12.423973623337261
21.57587836032652
27.876559661693506
13.603243707230028
6.566972586047034
9.232060161868613
31.268585760833936
25.25275293869904
15.027693895374187
21.596991696528328
18.788074828692494
23.488512884001082
24.386033845265825
18.391228642962194
25.27478593588251
15.967666500952605
12.270835919604984
20.41348381255207
32.557571104220095
15.537675490384544
18.519745818767007
21.48197466442069
8.225389562847324
7.791960200251898
23.828282361716038
26.86226391659989
26.11769364117329
25.52907770878048
20.601065810666274
38.58205115861381
15.723335144698385
24.91267344878289
21.864629771723173
23.104396801029527
36.16227835487235
32.599395953479686
9.199218620078769
20.155004276504
30.699566101652266
19.418846403680654
36.63117434000651
28.113536429065576
22.762229731079092
19.894837472894423
21.542763423296577
19.989492021273545
20.372107736149683
22.53880815175163
19.38419075537489
11.388420870562742
32.36815050717793
20.81178056375699
19.11670072605315
12.527548739449822
17.34580865735064
29.31407222519541
12.219137994990827
27.64288598733459
16.99608317407589
9.127489450356322
17.820459113879235
11.552364217767822
38.14821222223261
20.2779017188564
26.738511343484245
26.480383214326057
21.140537589064305
14.306630826025591
29.407827360250312
27.10812744120297
33.18867418783246
23.126535751619677
31.92612998936348
17.932484257234
13.132862579762797
13.319589458859479
10.987035160961552
12.765919066823923
12.290025219376801
21.593222419943956
26.53403531587217
33.86927164923943
27.208888481783273
23.628046998190957
23.897454700946717
22.95585167604589
17.961243098325223
31.502123385825893
12.82152871553753
25.4827456636009
21.541299223487908
25.247704661528516
27.771789180268893
24.1244864718674
37.02768045386713
17.03841672622757
28.31214642819726
21.91381600046456
18.077710033991256
34.65602992752346
28.385206347203482
24.09067438387471
15.951136125754083
21.15838639904115
20.703324054876564
20.622522406838556
22.938595838815463
20.576444177938026
24.820322784992104
26.26707716510114
22.55595958511441
22.30468888362309
16.29550206824621
29.61680619757052
14.861155450076808
20.42730911016586
16.31908654307244
11.937910106860059
23.212687827369656
30.36694193366109
13.272490406549045
23.610902919348295
25.864597144525288
8.559447638072745
13.185349053874901
13.447352578618249
12.324753834187097
17.63210465601871
31.131382625517595
14.688311854881897
20.992719332116014
18.683424550732937
22.92903296216842
26.617831064823424
29.029157486804216
21.57967707439645
27.53223852412191
10.228847650088627
25.254766527971
32.62417169766054
27.71237946075891
25.932907778731533
25.468162510990275
26.251198710359304
42.73335300876673
10.539924450799449
18.497429139313404
27.800280864652166
21.013193657063567
18.729796991517265
21.432323210344126
35.452006252035765
12.606831644302348
12.036434563566921
15.966529647903448
25.39724818028994
23.29787562560621
24.92616001245666
23.284439952997513
24.870111218600833
26.689808492062244
11.417282184424417
25.94793039254016
15.8489793180229
28.68170936448326
20.93138626590122
21.787703189045576
33.39127237803444
26.688759167932478
26.682523844162912
13.852737460275918
26.787272126350597
29.217402938698687
15.342097941970145
7.914980602615007
12.192841335599237
30.4047062729621
36.546737420300175
30.407603169611207
29.3310564822725
13.489634140067572
22.572689851334076
13.738483158270151
25.224307502609985
16.67970217582322
17.5261796538243
14.171899148721087
19.44683474939073
22.20745271164985
24.582084042142082
33.462364795956645
20.484773506836323
13.969259676168184
17.55272546936964
26.555860871198703
14.536160048541058
19.172978152009172
18.039355510249827
22.896134728397186
10.374268346610112
32.540689992154164
13.777308287558766
25.95271452071969
8.250007753210102
17.929198471722906
17.900843977612773
31.57050532684917
4.936608927182964
13.138391271166071
22.244956332135835
28.292640479771638
23.808409932960785
24.319065854612845
22.012112576061195
22.049802247822136
11.848205412607015
23.05155474293105
15.498741502183325
30.476706331207932
17.70964994281099
37.563242483687766
25.1257494532374
11.961695952573681
26.46877496998999
25.284679406316105
16.141593335170164
21.78259389245912
20.877252073408656
25.486742624075703
21.325059464734974
24.02068132423657
25.6547590324809
14.650632637179795
37.55143363300997
26.324850800025715
7.931320105812597
22.807816988185312
23.543398354263438
13.674547298157357
27.340053447850345
25.1347056944466
12.23128845744475
25.92767771648468
24.98871052956367
20.862415517629035
13.865529891117726
17.731032749184887
24.425740845045635
19.281362384824913
30.148263261963194
22.0622721299645
11.496287365317848
32.18113457269649
17.66945655937582
18.840995815274876
19.301176262498974
30.910120260021092
30.855823024914912
23.51349574166946
12.330755287851117
27.74928657426775
19.307795132120496
13.655486414462871
12.324252836588308
22.28805493819782
12.87728408784795
21.375872801514024
8.023370936005646
15.063851397101674
35.65487160128798
25.408963692378432
23.61842170692169
28.226988484868766
20.8088262212672
18.609895733548644
25.622715860649645
12.55203014782699
32.24796233840936
28.97456859724064
33.5891719911271
23.280738352152998
17.935511288133902
21.89868604714956
28.68918862478645
26.632768150273066
12.101724768262152
8.43116244048841
24.243240603879833
19.55956143607095
29.0534987691271
21.123480632831857
23.135164151434925
14.533396850057901
21.00578656829315
29.050129767774795
14.275083194560775
14.462405220099443
10.695659263605656
17.916510286111237
12.523267483258932
10.39760712919652
11.525072226721845
10.885418846089248
29.421404751172524
16.959496422200683
21.996859456422445
23.91520168739745
28.253297428609155
13.336012798150131
25.336629220687445
14.300505103661525
30.657681667305464
17.53307935221883
13.116178091410978
23.427922151637414
20.493375440985645
21.00070969678177
20.793459904290255
30.31345996749347
14.418306865214152
12.72921591614182
18.03827318076812
33.60221964060448
30.335047116040773
28.562134336389462
14.839625962908059
26.538604114576298
26.999651945037684
22.401775851157634
26.346433528196826
17.008308312109563
18.023871478736925
16.7293249994922
24.390954502994635
34.67113904875155
40.68965407597424
22.931067145887933
20.16912077259347
34.708766603689575
22.520560265714128
26.84704266801574
27.905096160954304
27.961225910532285
26.378097938883695
25.145623651930308
13.502964587962204
22.41224671427073
7.972363275002161
18.94578198641117
25.916373282059364
18.185008626833806
8.39425186614762
16.594263889774492
35.38107004518012
28.54943585157131
16.31449143194929
24.261609808281875
16.579168330877316
14.345760732940372
17.09631947748216
30.08226914990518
5.269880846514555
11.75867371250517
28.306710395829295
27.43570952633189
17.538674663316172
23.21293741069254
20.328543363135164
31.863811909593593
22.83488429587565
19.739717069196637
8.647900367791909
10.586064875932838
19.717447319168325
18.76597961869402
11.825090338002756
21.2884515991106
26.323426434618664
27.803775335052038
26.488691707516374
12.404432649936036
10.81485488155101
9.89209658267447
27.466984300873193
12.018420203582322
12.9606357963941
21.016583362073902
19.083623684489698
18.000515404338632
24.18026498352224
14.400778142242189
10.011240731979653
5.295568809078499
7.51560545879782
31.23479803788918
18.698932824684753
20.472331856934808
36.14200770573036
13.468316336975771
15.410523787431776
14.564342737593929
23.237405594076638
14.493713098451195
25.637356897399084
5.16663341766868
20.128627397503323
25.49111453637933
32.43574032184085
20.587352867699533
8.926837128957153
13.116700394465912
29.782611939810245
33.444035090821046
8.12292832092934
14.807138769806249
24.71909762030992
23.352044471533855
17.251721715114094
28.328217850210184
22.753420966704653
17.370717083054437
17.580540756105776
12.885811648110701
21.755744995434952
27.247991750461857
18.41632537712438
7.204653631083487
8.996649766084552
32.60577495179008
24.43495071177869
27.09066624972159
33.95899637241752
20.81415178838568
24.62695024548036
20.821796100428557
23.135751920548945
26.736400727606238
17.87760074935328
19.708956585011773
19.29919580791911
19.7860092922939
15.022358058233966
21.058545665679056
11.60677909193017
27.34377819072898
21.515793380999014
25.25414561013804
16.177341555405036
14.25538310862496
18.58166493246332
15.880520993500225
15.930696651419009
19.786385921683838
26.408574352449833
22.184034474176418
36.679823389346744
17.11726515025278
12.698982757773232
25.283251244800677
24.20408456691348
29.060094503840816
16.812457068835652
5.357217318995524
27.794191178009534
34.91181640025277
19.01107630084792
33.996097779807606
12.138876896027131
33.7063941441025
26.864601637502037
25.57169189173164
14.868583936530358
25.38985366849836
13.89667324205926
21.962162428800927
13.491616353031882
16.25688424454476
7.906148354395888
28.980190632757328
22.320916995534873
17.273527321311285
14.671680253591054
17.311438601647247
22.844991766805226
13.14694254172694
13.020011037798822
29.8354476817025
29.598035183387168
22.597742931504687
21.314901300604213
19.20240628625783
39.7345264619339
19.955410216080505
8.469214799719571
8.79455340517565
16.43050683326618
22.08855217367036
19.915755653693356
15.150568058863637
23.08052207625156
19.348685130809926
27.02593913148699
23.48029664720855
18.4395058130478
5.478451251239715
23.51441797522605
27.51752578095587
24.81547401012988
32.067215704093854
22.41916153568054
28.1084511387327
39.424527751628844
11.439950375311671
16.7902369068631
18.481458765611475
26.01406762553036
17.94362605341575
23.505205361573182
23.50851553875548
33.02498993417282
24.5756115886259
27.294773816914006
24.38803560703087
22.226068913859052
28.32276250551037
34.76016002591912
11.229767583014096
15.882260616340881
13.978405173616364
22.69241718982445
36.07645713755305
18.95517138081134
11.130749514637762
22.05834231965139
