26.00865275791426
26.48962620091303
20.766767525079818
23.85841971258375
18.925920504679283
32.30722656835024
24.486663807178704
20.139110187473324
9.059563719830841
16.735710973717584
23.752457654992437
6.698221706479604
24.288596536103093
26.604644227035084
30.117272721412395
24.154134145899683
16.78449376713165
15.04271057262987
24.755356006216676
14.118323213107367
15.685099349800383
19.72543790637524
26.663832085101227
16.282530312422384
18.58200064870696
22.8097778933078
24.15339145782757
23.820448508100004
24.729875836850002
18.820339286276763
14.793466090142017
11.03950197628429
31.74921034740723
4.621065924958953
8.508017613273603
9.773276197221463
18.410714023090545
8.196098770195558
21.92679717866006
11.41060357605841
21.87173821628594
5.255723144001668
17.13917959384423
25.08596029065237
24.927324063654677
12.723894823261322
20.864344283388174
23.770818565965236
20.54334086828906
22.729061641486236
18.722780211286562
14.11447279231667
20.509757166046477
30.091264969352743
15.547890686112169
12.393978463356795
18.339306335287993
11.053023519362599
24.12051940837448
9.13744783291563
11.38662580065628
17.01556458045455
24.914567345843412
21.476098156973993
20.40772949502822
18.514465168817257
21.380292468938183
13.168004191906691
12.412854575191957
12.238801336510527
29.99174189384324
6.91214455181131
19.090198900162047
31.729029386364505
25.296519276497417
15.766163271167885
15.923748955397803
9.793323913415005
25.18735499870904
35.484762125723044
9.348339840636395
30.84733561547313
20.019457808035757
21.051659892509104
18.412515055983388
12.053728616612878
20.976642781100747
14.484634827182344
26.484703935565232
13.771050887182517
14.034410364007861
15.628701199773769
22.12243815634363
11.29006110868266
12.199937649063594
32.53945517020714
15.549849944757002
15.081734671393969
17.78751251961306
19.089747646401435
16.56765202560322
20.856430047558806
11.886450823819418
18.01095253429139
13.734616695726633
8.253545585482952
20.241573470907703
36.6205603079671
36.57529137602331
23.244722835452745
16.61758607536302
23.588878695869717
22.258631602797678
8.715978811945588
15.243446267312732
10.171620162239995
19.195405406643086
23.964593369571723
17.746043257523148
24.184412110610545
15.896657048440378
21.24784700368497
23.567115340249174
23.623890028369665
10.444922275336179
15.32472445186143
20.928772970759272
13.861299749549184
19.2128137027945
22.868171429360288
21.277972168971132
22.432125253043985
28.215055827332026
11.4496666444432
24.583166284548057
30.99603409711887
15.261521765559625
15.217948018952086
27.298079607774117
13.413205670432243
5.359006351629646
22.479416489229166
18.203309713805016
12.266813450521234
16.14213571011798
23.868100080722098
18.643507699455274
9.028703166629137
32.067785543784964
21.65007115361042
13.987069310528891
18.812309845913887
13.758098010141493
19.04022259239784
15.937774356226441
11.537259540262909
22.68535804007344
19.17178003783535
23.849480819406047
18.73992872645802
26.21320263329958
25.10056844143873
27.855455915586003
30.87624130538378
16.665231918587935
24.220032781668102
16.97387280137657
16.237237697184614
17.60669086133664
23.082124105877515
16.677246446486752
6.814063151461967
15.704995234045457
15.307944006316493
20.1158604579851
12.392664087092562
9.649375858360443
25.073865015657553
23.348839683878015
24.39892496701495
15.734541021826567
18.349644284392546
9.124033907075088
19.492012727307525
16.592845876915614
19.87430181705518
7.4303689577903445
21.603422935093853
14.604743072204924
18.780582789973298
10.473751146633393
22.723139875105023
21.85122789010039
27.209819034459333
28.502636594747997
15.232269398885922
26.079073140697933
4.951961404231047
27.961699647416037
22.481892148928516
24.94896104201832
5.38485371638102
17.359133454478055
20.005266286571185
33.534064885444096
15.25238746382733
16.056578158080626
9.026660028364981
28.338971396056802
17.86087651356652
5.7977526690838275
17.315059950626782
4.703674309112773
6.661743423264553
21.299229087769703
15.15189226048194
19.11466111879128
22.506573400436615
16.19448295765117
19.749826132614658
12.541523934137391
15.135591747410384
22.498718127352937
14.040165457032241
3.336359565756125
9.234787272323262
26.43801447524579
24.927221606825434
18.0906904353251
10.939707263626847
13.349903923336608
16.350122613483833
15.606977794490302
16.524854698244134
21.37005413837682
16.878612731478878
22.362456148288118
26.579439669045005
19.80090762603264
33.68586601794611
14.388981083046193
25.18167907633734
12.442707402366775
29.259165207726795
21.063567179113335
20.122768289739586
12.00518853623902
11.220988433325115
36.483801921829695
30.27736143961728
35.86015058017062
11.40822289838641
12.57048336021462
25.916314679920948
22.106432731684546
36.21525727593567
29.84677895500893
33.273560658603415
25.20147886901409
33.539479217648505
28.497933303767546
26.807479919509582
15.224879223259885
15.292069008306886
18.409022888365826
18.309105267279698
9.149255999199534
19.273234203089512
17.099259428623142
16.466225264508314
22.16138794830914
18.838121622342562
26.774893392852647
17.689987758987883
12.872419205651308
12.734162575761545
5.2537128574842855
15.939545033673065
9.505871990066089
21.673172416063846
15.652143556853314
31.04865651779126
26.618078043963116
25.10634890987667
11.848617546868436
4.464794402982246
18.393211729617345
8.66592656133925
16.327447893248586
16.07278909120752
18.84310682224486
7.416179487076835
6.9598779088576075
23.34571118707472
20.150229493890002
14.900098163036503
24.342821355523448
21.819522072337335
27.712476445285123
24.477911721229884
21.387129785885957
6.159184715105908
8.036431983588063
21.921631871088163
16.44973108148366
8.626495363251387
21.65721323815298
35.81088558520947
19.165336612011366
11.81664413137001
31.051220583553395
15.047979643558477
28.60251594887085
30.52933482873493
19.221142470718423
6.373749752552137
7.792104349682064
9.71378146761339
27.478806574905555
21.38452778107753
28.950515792601934
28.390482896927022
8.326185469116563
11.802438863024435
18.061149581826182
11.800499461846425
15.233945692589419
30.159130371391615
32.17490825030689
15.15512001143556
20.70939899741296
4.034882419415752
14.0389442798108
13.475437700857483
16.184320278383527
14.066186971551625
3.2582769454993943
12.772074631102136
17.082757202951687
31.970890285199136
15.151038373659533
23.146509777767953
9.63379716262753
27.161323778955087
26.998382775178463
18.482880068203382
31.273469579878384
23.458866128446733
23.83833776814201
10.08928329276003
13.33635609029929
9.799860012809544
7.140139254606218
15.156355205272119
8.536235319270792
10.789420924454816
23.394134851083606
18.25541685930374
8.373680847638676
27.36141980865048
17.277287878807407
19.94541362919726
28.314336087918743
12.42638030493403
33.79613927165954
14.59452896127026
22.884687900509327
19.065017100803882
28.93871613714077
20.394207418077368
30.443527834209156
23.280676183137963
10.134568151222819
7.6945671891494705
27.088732799072794
22.743786801730803
10.774912763226784
17.1235896073804
16.670796972801774
31.913035273462793
12.626372639277834
7.763244602802712
25.7293396139577
25.3272139147379
4.182040292377588
15.970995390775663
21.904591349963493
19.46806992661482
24.480483459919263
25.225820661637893
23.328354740811985
31.76035948650663
19.01895850174885
13.731774801799352
22.31194071664559
5.7816285376602305
13.288701785338265
19.093776033720037
12.900625927138407
14.552265902768246
27.049707014298317
6.62327957732582
35.2024882222518
23.109942051192128
18.61954382379283
23.132445427137004
19.422754930506105
31.416095947405374
16.28716324671366
36.498738389036
22.31051176738982
12.212217034634909
17.471234156338113
31.412930472471082
14.486983934456932
15.5160198850959
17.677629920776642
20.608575870428524
10.149864894381825
15.909398601337308
31.91227038686383
30.16614286961641
14.150328910223418
13.795239181747023
19.239152764844388
13.656326538639359
6.856512446936769
25.24550434350037
17.37645230895064
8.396229768060799
9.3367971716832
25.882228423834764
13.87415045701719
9.49688056064656
29.082363303240193
23.407705506138658
10.829313374185665
27.630921586713637
13.046556894846582
12.894058076629504
25.122018195195885
24.42519313003519
15.627867148274902
21.474318896802103
26.05578167718809
25.4521396922273
20.370435281237132
19.489306534952686
21.213067676867833
12.666868257371176
25.41992319143634
16.772161888527645
16.32458406651224
29.3740354530766
4.906126819663483
16.23513932654131
3.7241989602578953
17.746965565114206
6.58308437719744
18.32805769934016
26.72676825832193
12.363040493854
13.560032454809818
29.15013574529052
21.351253343666993
19.755317513859424
13.953456953120908
25.964195788058056
18.06961185968898
33.09073708178101
27.248183482617268
28.215363481565046
13.243735409994306
15.473155156269467
19.05956140488372
15.438481076560565
10.842400879776418
16.154357936163034
15.342902715663131
27.05769846868143
29.014516308438843
27.42177914131963
21.82211397542
19.722477389706185
31.041942871215337
16.148515074803125
21.70377834396698
13.249407923131884
31.284995038914843
12.750968379396372
16.88146573480113
25.263907489407533
27.149970756380345
28.820015530925374
24.839155307446696
16.441123499402163
27.420718103898107
22.746795429536366
22.261526105287928
42.332093147929754
13.467813329286095
17.15474650963504
19.26098516735231
17.611880666982863
41.54833001164778
25.695098494729024
6.829333600228468
11.511401871869117
15.138986550176043
5.1077761800444215
12.396123183002521
36.036913820598485
14.684879952247611
15.427040659203241
13.15365250731287
26.10738692538234
11.89091927824052
20.64962481074038
31.21659891612128
9.453734774521484
31.119906959524005
19.24659406217907
16.789237338311803
11.676874113220833
17.75564024785026
16.825471078609127
13.845708852276621
10.403587450755113
13.01651517242889
10.881510136317821
14.67161984646876
34.23432494736987
31.185885981639572
18.42183789218245
22.81793164283971
17.790871587183613
23.298403090765838
32.12008530276766
27.037220879520216
34.49483768001623
9.140172293133006
14.814034663372265
9.202578261967574
25.826934857746725
13.196034471912672
12.205585518969688
30.289995002357514
26.634685316929886
33.444524046084936
20.058358712593506
21.964349869166004
13.1926434296076
20.601041360486473
28.439047442284984
15.600247881678877
13.174365089272392
24.99388443287833
13.575843367600868
12.47362289032304
24.270528279123027
15.474527250684485
23.622219497978964
27.702623993456047
33.88828552605916
10.935865512227316
15.935343044291276
18.335637280911616
28.68810434231162
19.004333713464007
28.873607392600142
13.20997441893949
8.145238457794967
19.420569943678245
18.62126154542322
21.083298556956652
17.25118136240682
29.639505173957065
30.772419451083056
12.943436794903825
27.18955219777634
17.976769484459044
13.630814240397475
13.961559916386747
7.8445462259965915
16.645246824601912
22.059106609443937
13.757395671431755
31.06559757686526
15.038900554079383
18.671890937233734
8.378374975019849
16.256752929695647
31.567258168440656
16.221980425217303
11.881034176742924
23.362807576197692
8.293000149970288
20.934145532732426
32.64364241336652
21.2523051858475
11.530551771079255
22.107371904188426
34.99127099870792
12.10837641507079
18.975511928752013
28.157326090722123
24.478303085495625
16.216032634123454
9.513846822381106
9.357019697348912
19.53855531174274
13.737696403669235
21.06483827830253
30.28897898513938
10.007233394037637
18.503212508049344
29.495753523252773
15.703686557142369
15.974566062301369
19.29283583545229
25.005634711483854
9.261190078008415
19.404842575823057
10.82114718613499
20.76475552206691
9.520675055060797
13.189553689597481
13.981939557198642
20.69282854069321
22.43202117942608
17.963450028424436
12.797571663538818
15.909849924062545
13.761822778064083
26.990697660317835
16.377917047858002
17.352348733427576
19.44403795367095
13.518610374504556
17.536844690593746
19.734898803026535
25.45765548374527
18.613485834509817
19.144115158369246
24.46431530604597
17.051781622669413
31.576476202945898
7.593100174105558
8.63121191045459
22.256805874208272
26.619296540656574
20.39023894795738
23.674434133533442
19.52195443326145
14.099465613036285
17.009126740798575
22.298315867643858
13.306318031224611
14.674797121142287
12.791459095960645
6.47326975836784
10.405871303568437
13.394660623873033
17.097408655996126
19.786438630839317
17.22611084137435
13.778256433568501
10.604861556532272
13.601330451455846
13.01166021550584
7.598359811693778
30.511702808641207
42.14373662494048
12.73801919228729
12.694809906419906
13.488999095726063
12.375686380557124
15.074955319688845
15.728844367836718
25.858168058965386
31.4533881149152
7.927215627824538
16.96208982694289
26.909958118145315
24.98449568997014
21.330916071416887
34.43474639573269
26.923187870243687
9.705467214074169
24.300124226260877
19.55661600359746
32.37327775467668
25.215772288550667
19.508250770736467
21.68350831320498
23.70847073537981
20.941292258878455
15.302483953444522
23.770783507397038
7.6020104080185815
20.225848529288996
14.747549823435005
22.796480652445545
12.723443957766653
17.410530185060367
28.12153799316414
39.021843253479744
13.033105431361767
9.30176682658135
20.874224046237348
10.655929201355077
7.506952349008566
17.26418463229672
16.93783413367752
23.178130714727473
6.959219407865173
9.294348243002911
15.308112822629795
11.859855803721805
18.63160702938947
24.118691212819797
11.36278973924894
13.10659573594676
22.622237555365178
15.666536597938222
21.795878554021375
14.259095640597295
13.347000596951814
11.0940551030827
17.66879040680152
11.75032697027512
16.39252016340893
19.857224370858717
18.728358415993352
27.274498245435048
28.27377062803828
13.611690425183463
4.874740061235713
11.588001260708904
26.943417417908428
25.949180954211755
20.189707737068318
8.700869297601027
33.00330989825285
9.72575819483805
20.86242070112804
15.39649525970227
14.225532892914831
20.791017482393286
13.90695359956849
17.000924356765633
18.130167904655377
18.13349241290375
24.493249005748062
30.740622807579253
22.261625706195026
24.824974191912638
25.937469987380233
28.21977349914115
21.305240384195738
20.768538605039907
25.126258160350574
24.4339391620501
22.484896419522496
11.70846311346793
21.01437584734432
21.382751775516276
8.258165656042348
16.557724105817627
9.13145430634618
17.862513805981127
15.057082414827839
21.23456593145727
24.390736795136846
25.170531943573913
16.67506761478328
20.391478744629502
7.929890073635843
30.86232653246185
41.41615165470361
25.14697221044282
23.92340543679253
10.368536744453232
20.724020716385507
30.714220594333312
19.849836740194974
12.142028296074391
15.3364730821354
22.72904359691168
19.200036029074962
15.317502111653019
23.502739208076655
18.359847400148986
32.32288296348716
23.721300743967156
15.085703680844011
17.70063385718404
15.56321986297296
30.975352136732358
15.662011999938956
18.135447694582943
33.47670760634482
15.013967695275104
16.710158010301203
24.753083477007195
4.917319675488273
9.622115373083664
28.152575450757155
14.826451859661194
14.547331577926931
23.32951338828855
20.645308011363724
34.93558716963686
8.344370072229077
6.259016322850716
17.772639303756627
15.551055194239176
20.33466540633097
15.286602914943723
7.194003061735853
9.245302142072077
12.46238665533721
15.502632552219564
15.765214970616267
19.52528704601607
6.157200661841529
6.74664716337641
13.843301065771996
9.745654491835342
14.37137793141682
20.257865183255642
16.620854670789942
30.6719052734383
24.20284773448849
26.86538577889634
10.624856608938329
30.440060144458965
12.803240862271473
19.83722157723969
27.891207489309252
13.513896888048023
9.843632136010282
17.798119315419157
18.717920274023772
25.23232368593111
14.567317200622542
9.402792426837916
19.238237399077875
25.324340494203273
14.579434423206992
6.607201424328871
25.949943995371818
23.266931319781506
30.015213446060777
15.95186789802423
17.62365982957645
15.234401133739636
25.927004908097345
9.238361561910333
12.07128873589656
32.02094150358903
28.048540509838347
19.28691733519098
28.911017406132476
21.94097023380762
21.94061318417618
26.134388107516404
8.737740480671311
28.203968005707694
19.152964105153238
25.559221581294413
19.313031534048648
22.86557095580613
6.692576842263644
26.33335997112655
17.776180552968192
10.171051874371333
20.647390451543764
18.20510560924425
18.467620317532027
17.781224018122675
18.415155564689
21.188672898349722
25.883665535381958
32.31059403198767
28.58660393419736
7.52195133021786
16.242008264313032
18.19793136679393
25.826715253401453
27.764770286636825
11.641601587281434
20.891070555084788
19.556588496893156
16.528799783545704
9.705177211110698
15.378626671063492
16.67419135351752
10.63851705072655
26.825210325166708
15.842540914943715
3.2943247830425166
18.923740241598715
14.230393442280185
17.11649402790773
18.81082131949658
16.665505005667153
27.086723079739915
4.701805508279971
27.938783895916615
24.64152265536532
27.527932486882456
30.088716362047535
36.010070276229044
16.899316473745287
16.774648727669454
5.617640187675747
20.15078907372854
15.62125306568589
16.67608652131413
18.058068434610718
12.616249577232136
4.952679965719984
25.2436910077768
4.481263535506481
23.015825011794462
20.120643318435253
17.321827456339417
27.907382445622325
10.991225283885504
22.53727174839448
15.519118295982368
28.20717643865192
28.93975401560938
17.980984890819553
14.240772730209505
21.831323205437922
24.750350306495726
22.083515109292104
17.398190231545946
20.587308024993895
17.644974529898995
14.993124643460678
27.723524510687355
28.09655749612611
14.723885578872036
23.562456747481615
11.042561196468062
28.265916649726076
21.802075382243867
15.577415217219485
33.4242300307839
17.986941586838245
9.967234753976658
25.752543333429866
25.47336898181599
15.254172897274946
20.71590380768774
13.802224718192468
15.002167132110053
5.5143824701054145
18.078680503217644
6.7731417163184915
22.36092923584559
16.932930125639913
19.744887340884013
24.185589837017062
13.574560011951828
11.778351679626207
26.482047571931485
10.938052612337163
20.52372116355568
29.315742533405594
23.733363600881066
13.615885086544857
13.851044077767577
20.71919340903556
27.69026756611737
11.310475574780696
35.938111799493434
14.175952118548595
18.776030078596886
19.52277094936095
13.62441067865325
18.080366600346817
26.070181002862164
13.352818687816653
18.358834314502282
23.80212497438333
37.129293322275124
24.85026391599531
28.807857567380424
42.044734728711994
33.99659473268301
4.075315502634117
24.439521934642286
16.382002749923526
23.703937883188065
20.19999018604319
13.243320157505774
16.1072078620916
10.186309212248426
23.994194841742104
23.731471077023873
23.26141918049976
30.77468816842197
23.031849346800907
37.48174201212926
19.486310848120514
25.43416461533831
20.820674827650677
15.142604206987842
17.59940544486749
28.68475289661917
18.72144109275941
12.524197603383481
25.387181014496562
8.341511915912033
13.93034087710797
21.677715046381238
15.907165849710209
17.932642228257848
9.844889586166076
22.304125129454885
14.279256732533131
9.242683709027371
25.700403199158746
24.537307982158403
20.62507558857301
32.54534638922878
25.60995283430954
14.96753213447785
26.16986861069881
20.18103436858873
9.00484308391843
27.142634185477593
10.02147028195697
18.2204128032082
25.853608024797985
12.752320060774373
8.834429676946886
21.83577329274202
23.08291443522249
29.548334641919272
18.984621806759712
16.336195738120423
15.953893497491956
11.388574582097673
16.655340942032698
25.425927794230844
18.1871138310627
19.11536644674379
19.121232896555675
40.49035196277228
26.876629966931578
6.891821015023358
9.438707296633911
20.886234597189542
14.714277135594664
18.194305593136367
21.630385621009008
16.707554538409585
24.84275317405032
35.63129365847698
14.491628802631702
26.688533083984836
21.350603281143126
24.939937473226884
11.573384331058943
25.209327045128695
17.33455076158254
15.630214331128181
17.78849994421947
25.590609942502578
20.746509572233578
7.799353763762529
31.389019314793945
23.15218724336773
8.282499983431357
18.584837396814354
7.410068922016741
20.723456231350394
10.097178831858026
27.087007143461584
30.08200801303371
14.106545447245137
21.054379512470376
7.596687288297127
8.784086416657953
15.284084086151228
12.485638380822277
8.321506595638983
18.867024507516977
16.03505246835492
36.67764609823491
19.78212844724279
17.17708975916148
20.395869055769182
16.133144176106097
21.822797586541103
18.057004063872867
10.000586251778968
18.724794194596814
13.587245298076972
8.580984878162344
12.048265447711934
17.26781367887555
20.79842454970855
16.87336775457827
26.98978776183879
28.565837958749608
3.9446738994038757
20.833371335552727
15.375112420196666
23.794484883856963
14.142323194817905
36.63250104937364
39.80095648083249
12.355326501567644
22.995727023792778
13.413741616031063
20.635032758647537
18.948364620318294
33.71327695137378
25.051276766874935
11.072535592541897
18.754406421139635
17.906633101745236
24.63971866444849
16.06353923279942
31.165192661799754
13.465850101171995
33.02539452039279
22.351622239281863
17.24129071905253
19.955756799377195
25.688319103456312
27.885541146492564
14.091757333684258
22.571992054913327
16.57865501948821
8.37756110685696
16.911297261691953
14.939401755298933
17.73787701331094
12.359099558614908
16.205825990044627
13.129413654317572
13.700702166884286
17.18609550930628
24.873865305205786
4.407507238506113
15.310016055079315
25.686596032768637
25.547079311803977
19.27589190113924
12.24226019744131
28.153208918646534
25.372904182285353
29.473708142136648
20.392469090058277
16.263649930115275
18.43570482791201
18.812097979756608
9.208704409975656
12.507844388715755
29.283980433014438
20.687687580009122
26.21480102334356
16.60773119714804
32.612305512591064
23.350724349788358
6.902440493774432
11.760183905177138
27.8897280274359
14.49483008775375
22.322786297534808
31.307899701455543
8.74451012882995
20.562127927613567
17.431899991088134
18.884326579390997
22.878043161940685
21.881899747820857
26.951125530709103
17.795568436491486
14.010784561837822
17.13236033967504
25.19814474974124
23.654368400767034
22.366944580315756
13.191537211104153
10.593938973560732
7.587821598341963
30.73479955382569
17.050123813360845
24.674318869277165
7.177305716923104
19.338122883827673
29.42440588024585
13.563531527463436
12.065831443125974
9.699081882406615
30.029167443492266
24.492945295437174
30.33091209070858
27.27321344959746
19.126675540176002
20.75603034838375
20.828186631518136
22.44741436588862
16.679272814627087
24.051111174206174
16.58955226479331
9.142234174705125
25.22581934269728
7.480036987441512
31.971063833352062
17.025130449942765
8.960004009805445
18.233586303446668
20.20566710624449
15.833430805612045
17.590315339601435
8.804336882690036
24.950828126519088
15.513766837219118
21.663322583031317
19.598915931396615
23.80313253698581
4.993277796136153
24.737598824472983
23.47371914189224
17.893654937969036
12.150666055004006
20.79953226883429
16.467878540283557
29.227248030079306
10.50822609577654
28.571483136836644
16.8056342825021
18.330514983937018
21.71491813029599
30.36992164480367
4.567997529672177
33.98567059306281
22.81118813213821
8.879884286802872
30.349278504599003
15.793962160759843
34.113609721401644
16.309558523335518
14.03730785631331
17.951587496780117
18.984828760860857
29.206205341270103
11.522191216253868
27.048048491535194
16.663785205056442
21.766382114475178
16.569710494897006
22.913241337471646
27.778536883205803
25.737791195986404
15.463433549339971
19.691018255272283
23.499730689409347
19.15073960813968
22.501148363855112
10.104213808478828
24.274525829820288
8.929967053517771
31.749580127355333
18.783441589096135
24.470974338648553
16.81506510338176
40.321786844009246
27.67974245512222
9.88726318770142
31.32794622411744
34.91662792701529
15.988538531351407
11.187310148032692
13.295111730991932
17.448024609354533
18.212661268876108
18.474305628712877
15.6820423637376
15.96384711814108
26.429218466165825
24.78512224014126
19.505660370411064
22.894153815382467
15.741503461580479
35.58078666566412
14.389494515966526
24.33331031281197
22.94237273307665
24.026275238468205
22.653934298876337
34.12283181043248
32.24694739608968
10.900946071567082
11.552035929111089
15.717513962124437
5.254724707041755
30.66197028258695
28.97597646117624
31.79471045078798
16.616756888121717
5.043502528773671
11.758419366618714
9.96434338296775
29.738833155739858
20.217180145836007
8.454676060178842
12.67507134217953
24.266514201222517
18.39107892291613
14.861460713846117
20.248277354663706
23.38673548311206
17.350349815231453
25.185142089072393
28.93624276293888
34.678949098032795
18.90024283217633
20.119924357463074
22.36654799346152
22.27507462613856
14.276043498586109
18.691715347069103
35.14320926584043
25.65035361830292
23.025373854480193
27.085108328834664
9.667841150791283
7.317404972150814
17.26199996357496
18.89846182585818
17.054993500741066
11.942565840083974
17.725686789432885
27.521291436880873
13.335056806054617
24.702432155246548
19.204347279309275
17.181191772532156
21.256128584496473
6.127566618887884
13.223225444593886
24.060448832076204
21.669984646139255
23.353004714137338
29.86741786489905
17.15185596901622
24.137781734656947
10.460396527238371
5.360090091070969
40.542014937895445
22.334932846530197
20.482894893856887
20.511145249696668
22.786465691620343
19.629271815615454
17.016800156767488
23.60872858077132
25.512253673300673
22.914510033595548
6.91653923210495
24.195307541295588
11.204976005978308
12.99139766717363
24.55429093548575
28.52163589140994
22.453087382882664
31.618037662662775
16.828003310507366
17.99198475047503
19.337249842302842
12.625795417055254
15.982907751211142
19.192357550422553
11.64431499340795
23.785858483625773
16.47739844457191
5.088127451887662
9.98835009939282
15.53308309026091
19.039009758234624
18.342889760869934
16.406908247013444
12.897685084353139
25.61748417000922
18.437945005600927
11.868706839679053
21.77968891223244
8.598111524220142
29.53154443309279
26.10989850589904
36.65946783137476
24.070692180611033
24.066565014822476
18.53349473483842
15.47696109729082
21.916228869261978
12.245813151013646
19.30351312710979
26.634015050146214
8.747348460802222
17.360235550113515
12.241144314369654
10.10686313777705
32.45479390303257
16.456434568087474
34.27574674480854
25.074781711183565
34.677700277805506
24.18242257595004
22.467051642397816
26.9667597105038
19.44125380731022
17.947031743873804
26.23978737267538
14.133140107951991
16.556451328779204
36.03210450312528
24.93003537960014
24.091362005441503
4.57295755843931
15.780670615983249
22.64587729003847
18.043899229893796
20.60796566948731
20.39923928739201
12.896964664272362
12.026214304005576
10.114183230734232
11.737129360745856
13.192736222089337
5.840508474285968
13.764458303157866
17.61397684670125
23.097092649331007
18.139954342871928
21.545766820919823
29.764341818500572
13.36267301457619
25.07843087441597
24.295301943711227
12.589905137227486
16.631642978505603
21.062164926417427
19.704417241941858
15.640707053443835
13.268663469534511
14.557013699047554
18.16259425477451
19.608103625797078
21.964948645312376
17.32946625051962
15.12900671042551
28.89123871316146
27.12682388206666
24.035500617838558
18.156319218082896
22.819991443503774
6.792630648331211
20.368156268185587
38.81484947494401
20.295406478126573
14.166271945885935
14.38784885626016
28.387291096859155
19.89678843748213
6.046775595102055
33.73186546436572
17.760175656410823
18.2863259988926
10.974583205876659
31.608390792013196
12.535089110258383
30.30535552418389
12.551812521021544
36.11977225498737
20.535145161749792
6.681858265573659
17.091567989891367
14.45307631799756
29.266864163161944
8.813545151051324
39.805187847457944
23.340865851064855
9.889662450336536
31.87446171790763
18.164118753694126
27.03694384090753
22.630742387200847
11.718034712407036
17.255474866304592
