6.03552595700574
26.592003581057824
21.618876380373774
27.42796949948897
16.997108826004872
12.648877733391535
25.749688052355605
32.6514804371899
20.067439612780646
12.152430981942523
20.04578262123176
24.870115173930575
14.704337257810359
19.116260436511293
15.187454162997211
35.55328331590088
6.973407408472775
30.092645384635123
13.998256040425948
18.8759898583346
22.032808736038486
17.050311918250365
12.310520730818137
8.491771202794627
26.110512978341266
15.894088788875232
23.209640096019115
14.424203815441695
25.377284343732388
23.49502095790914
27.57968399437963
24.318918088201873
18.134066709295077
24.83910052153582
26.35751863249567
20.912476408900755
10.383714456749713
27.139322808428098
14.718231822123416
19.076878349011846
22.717312899217934
29.598968272527998
22.64657980115865
14.711339891679733
25.299345136095756
16.693360098399864
17.51111990855875
31.198819486113067
20.605525401411782
30.02496399757301
22.876778024938723
20.648090878605785
18.036042116492425
20.630007536250194
14.851924175540038
26.556276603222578
25.793731559374283
17.55727039895416
20.491750574278807
19.82102182750692
12.87934969967744
36.16359495231709
22.64261480293555
23.930073832834722
18.25867736268766
19.529053169694336
24.9435163720992
15.49580773010297
28.320801929953493
32.42011927543856
19.501320333136068
25.72760652310247
24.06383344130009
32.73192311768847
30.00979439934886
20.045815627311363
9.345339778797989
33.66838791141123
39.42677466818684
22.446484014567115
22.537002107541433
24.385618341406314
23.927206079296294
18.588774666950403
10.518384489800455
21.146272629651353
15.259988900187627
17.829824654489794
20.851367197268143
14.39247122338696
29.62829191450322
12.392013241391785
30.53539518717701
23.411485222573354
20.08921881307094
27.84447736378657
22.523005419016815
16.736814830153364
25.083013776413125
29.23631553227498
35.45643861286074
20.24107667461406
23.397577457522868
8.917101216410476
23.26624342082201
30.160610758003273
28.057006481664587
8.624716090945677
25.740389121238405
23.12172047218403
25.57958204885815
13.205857219493854
19.907468425527767
20.000418101504774
18.635587651398264
17.957082291770035
10.062136682813978
25.07034227851347
26.56833104927531
25.815606011328676
16.044576995559233
38.21457002904102
13.989225154025508
24.00222885156383
9.07926776223899
35.02604890084602
14.963120299762142
14.104179946864978
23.680985703911357
25.246013876830176
19.27460386952734
3.764009022877411
35.90601366352036
14.397952333646717
12.75779754047837
20.74396026599395
18.61378874739122
25.40701821823002
18.916329280305742
19.636869929349768
37.99203074451528
32.58009373744961
24.0260615353846
9.562056962210127
18.46805097734022
7.356146051442458
31.662257222514246
19.33164914780873
10.85006675389093
25.638988092324173
17.857896509915538
9.915979352848954
14.298132956997204
12.481640354972214
17.309270257227414
15.516375813983197
22.89118045729995
27.19748132461038
28.086129463848383
12.770174269951758
18.695009242060426
12.352793420078667
8.542148230772602
15.342966665855652
12.60170911205672
8.922800578595595
15.685500339083267
12.044152436414974
34.22290880934479
21.67491700835133
6.149389058321092
24.05215459158339
16.870624434931894
36.33634718924991
20.267131647458843
13.685258380556482
9.64983893188506
12.11441303648081
16.74473966223461
15.333098625353083
20.704560623346183
16.835632053564588
19.1020752360114
18.36504641738809
25.66937109952831
11.953272028578715
26.855872314691155
18.875567187936298
28.311003135993953
15.459540112939933
29.807747530105672
22.348524838742225
19.801349713032003
21.63624607274597
26.666436537371762
17.85992424631439
19.680679065433463
24.230400654104407
17.105119336693487
18.26635690497106
11.17792849606653
15.127355928022993
33.72313625393216
31.276519112350165
19.12419126571262
22.18301926669499
13.182609814208767
18.013971290012847
12.83351514627067
14.298788591887888
26.976878601077434
6.73736660858083
32.956641876130824
27.231958055411127
8.287246704679267
6.509473688336934
29.699644008055433
33.19185396379076
17.13026426101684
17.442912620247743
18.339993676898064
24.018670622163306
21.283293937512763
19.153123231987855
19.18430453563844
20.931610297606962
15.345431063727023
28.934976059458364
16.23746570951888
20.195426792719267
29.420576037885724
16.92540284550259
13.520484696557098
11.701248942222394
30.124214929002143
25.78200098001166
24.20073751502948
15.532022956896444
16.66469249847785
12.50230504540163
20.09430645626103
8.19406608374533
12.027987302707443
3.684784321685043
6.61488989738786
26.594237050210065
23.957799530674478
17.689089225326242
8.312473705435368
28.350809187748364
34.498762073127885
30.02756790524912
23.726273707391368
24.847562485995656
22.97625877878529
23.34898214674589
12.932984955298695
25.918357440008386
14.937721075751867
8.035113295792135
30.43874226005187
25.5687731595915
22.392157029589466
23.26318581737038
12.353939992338844
12.175668578179158
16.10632669433126
20.55326267777724
23.156228477674112
21.935290736917064
19.424948313179165
32.37322823132141
17.34013160558799
14.651455809953395
13.259161337006855
16.707900206453637
24.61417139229273
27.565754523410682
15.866480316803171
11.033304917736022
26.576656970476158
26.730043804423435
9.58596284901419
15.667026627792616
8.387247227021687
10.42142638306485
8.554539508671882
8.236945631688151
15.042375043825501
11.533334873519662
30.54917781680057
29.596180564004484
30.865990560798846
26.924218564260865
24.457942585313585
23.053293380422684
15.77853894002379
16.59070051395533
24.124916804083362
12.229121024916239
27.95110110521945
22.178715323733968
13.98636695814472
21.976085043288748
32.51225339144137
22.995195050642455
16.047971426068198
25.4009416494239
23.590493591578703
20.839889861545604
11.952219592252348
8.636191372397441
21.8056817576184
26.605478243403727
22.334052289891094
20.266036363419982
6.33832781370112
26.958820639277523
16.63069495662963
19.578590699841914
20.253601523308
6.957799230878414
13.612362135385409
12.896899712885117
15.820757481799443
33.58838207761398
12.67199767130231
20.51710656844138
19.08178473027885
8.555558383183616
20.73315709743368
34.06692657825603
22.370561985013655
13.702482325317863
29.794456079949942
32.90381078767116
10.860080787606421
8.821922400664555
19.49360135939308
30.283659041178495
28.709525636781414
30.245137226274863
21.494022200110095
28.36575251071369
17.846103351086967
27.99723764457944
15.128994866919152
26.613535550157366
19.61605173058812
28.593679583968427
32.596033557178934
25.604770076366133
25.287566301985137
26.49628999701063
25.014398114894917
17.829457230070282
6.871122509485886
20.841768443421305
23.562802181530262
21.92226574749
14.740135929920303
40.22513158703568
20.814622938478934
11.549176901639807
18.196146589262106
26.0275458127868
27.045942150692582
10.62126961666561
19.276309179869504
29.937625770782997
4.2440893655291205
22.192691242854288
23.350789000158137
17.011874828841
27.359531349899854
10.958265380972298
14.942383930628031
19.821309197057424
26.147167851540175
15.864128605285181
21.463023999045898
24.78148300967698
34.74039198771827
24.21845818263364
36.401336387782706
29.438368137912242
26.97592822180457
21.299421510155522
22.48855626942051
19.645951681574935
23.17451716065722
17.350702813857602
27.545602300359555
25.937047359191794
16.907724693471053
34.15112317004668
12.2243623058779
26.523397686458672
11.775124475479585
24.02997686203357
28.209618995739987
37.228669616308274
22.498441755374106
25.8150344743379
13.650894409175022
13.958298261503293
27.90893525529858
17.11891384342082
7.175576084009463
26.36119527719536
28.130788018526136
11.627880389818745
15.534533892968865
18.042354808099223
29.53681792327638
25.04252472194513
19.816597453575717
19.354773562329793
10.997991264515422
19.60260894420264
20.672946959756374
14.628362188725944
15.56615462187893
20.851229998572055
13.268911069681351
9.737284107870432
7.917814667547078
19.361753035160806
39.797552973016664
32.1995268152684
24.28779545801022
10.792440326651558
9.584985412666624
21.799157190937844
13.893473192575412
31.0623664523837
9.550648293605503
6.878234707731495
26.244857961777253
26.556291510869965
28.692734307032957
17.652349775726925
25.759751972490413
8.834738731291987
30.450449071458856
20.376392552475284
3.015302079182235
33.51470420759679
23.227658208456553
33.152104391031536
25.01649752199701
28.854331613287847
18.496117595230416
25.692919399702973
24.037185590750113
23.624403442054433
19.188008326373378
4.532564291399093
22.605238887169364
35.257246044957405
23.276343843543234
11.495921287544688
18.910512345790913
21.986257352264037
23.86353738417476
27.36251695448209
18.04107543314201
15.552339883432168
13.43628048801948
22.154771917794076
29.328960656555907
24.95250658737199
15.74109163414064
11.516885764419941
6.802676340542213
23.628548993901923
32.91991653984899
20.012283278837696
16.033243674855242
8.190502694346982
34.06954149615896
17.257619528929002
26.923696674076314
28.64346566211434
32.57269316608481
16.29477736051173
16.8706790608887
22.136958145759138
33.028579929781266
12.193624937354144
15.651845077622845
11.021401216579687
15.569321921695066
19.710124624995974
21.876721166793516
17.971020280219854
12.642020926520113
33.85404044962668
17.44622027617632
10.982481262200341
26.948568640069762
12.291344890284233
17.791026212380626
14.115705570142808
16.082974427648747
15.898242818299524
19.115795395176814
17.452793778624404
26.48796868990277
9.892296733654026
17.03290959095895
10.757512702891095
6.272668093802792
13.641340740471376
24.843199375375505
19.045950397640677
8.86708804370389
18.301547051683578
24.408210208841925
26.231889958470553
25.94206192786923
19.208007674767956
12.194233988292767
24.414870288381454
26.226228177303696
25.50198479728668
9.513012726563518
12.28948988972084
10.389618726626392
10.379947897439802
26.85575582023666
18.427173682237964
20.49939973857846
29.200775765842604
13.393901308301366
29.90000069913256
30.66190769044503
28.53608020311408
24.48003830835934
17.938222132821352
22.41243449652842
22.915191384819778
19.645008669483826
14.132977419251324
9.764659936281122
16.14960661790064
18.183026424371416
8.298687324006089
22.99930085918967
22.30445388069524
21.109444272328467
11.06993960186168
13.274844764879598
20.98782260699421
21.12637963570776
23.85145317614894
16.836495113309653
12.899393408407002
13.203702417329696
13.585810531241467
26.382280748812388
36.67430342710205
23.290896697621143
33.925856984764685
26.30540698340468
30.010486536573985
29.47506631727928
19.517816112492355
13.504503894159178
17.458432897601813
14.759021638479577
18.56808086805072
27.581508900018544
21.021361638254348
16.752529210885974
37.070896929531756
28.822986719679403
22.546549526459632
21.657202568513675
24.82893087537803
11.041037391226352
16.875146894410964
13.57634510269093
23.027533848278363
20.63238712117012
5.1612132414371406
21.580905327766345
27.257265491124897
27.26366154856461
24.500219661555413
16.70485936398132
22.72520943768813
24.965839888731022
24.231665372201483
37.717429598078745
17.929446623331835
11.957729074182996
24.944149240499257
14.015985749182686
10.405800599405998
14.108041019281742
26.087220554442936
29.7835682958172
7.916700962916471
18.508705509399434
10.755116546505304
27.728438255798107
40.50080615251454
35.47271855108245
21.384555681810248
18.914630475836923
23.009507710059818
13.202795652988573
18.510990442154714
18.107255812924407
11.158871851313737
17.144353214729136
27.031770002625194
22.576692469920097
12.666710054209942
11.107912699590827
12.172518939808521
15.252940168494636
26.28117740942925
25.315440095170153
22.87422420002867
23.352222881839925
19.64748583544851
4.209688950298196
23.546391629061866
17.96554862886562
20.098393062185995
13.19642863275772
23.84831907163764
22.353609114605607
25.396596626338376
11.623395360955618
26.740573746081804
36.290924091926854
17.84164042394998
13.02894450303927
10.182751127386561
9.13043938635727
25.807371524233602
18.42036628340999
16.686283522333564
25.725612650975364
26.321020112797562
21.54063101243579
22.027693545386576
31.044659503853183
8.827205210237652
29.245073726948764
22.866540384299768
24.541879368400327
17.931101921081385
31.249914644264827
20.06547725644254
17.2756208779255
23.54458784645196
29.34593250958704
15.538593154130458
17.487671295878453
12.42830814175399
23.922193940083385
19.927036535730558
23.508345049244426
26.77216321256686
8.819496026601568
26.667165839729485
32.28881014336494
18.84527543111407
18.978872633573253
29.20553880124441
25.72099816287323
16.2793140003852
29.086397812339126
16.169590258416246
28.71795633746685
12.728504835694997
14.592302090364022
25.537134010553387
24.560368099504352
22.746500175185194
30.89585478538845
18.637448881051537
28.783587069874898
20.323045371607893
30.929862925237856
15.679404470545412
17.616882949980962
30.818969282436136
35.579264657269725
15.939200355927708
16.585002281963497
8.403375302773142
12.165774364457436
23.14906430026284
23.395894933233283
20.29180484152179
15.878160892226994
14.55867367322182
10.737026355050263
16.06887074073672
24.189099360412236
34.063407981461474
6.895559345913723
23.479632467414408
27.410754304948973
27.913942963820567
21.297389754277503
27.33601557072517
16.15476636193569
28.215429374605744
12.802444016338674
27.911536109179835
19.179193413053152
16.83588232485313
26.73311029850719
16.64531375675239
20.6336930180604
15.450261750545941
7.663089703618972
21.319352650988854
8.104784957538246
22.577277883699775
29.788927259846886
14.318552934016308
22.291901433424734
15.97223351817948
30.09978535322651
21.234053260224936
23.518568850549816
33.701849945970906
12.893045958981869
15.848581469245794
10.002308126434325
16.254585557168415
24.892106306460278
19.337500064384685
24.783236882124896
7.736750437953785
24.30169222895978
25.419392614002412
22.440071175480973
26.88830815344678
26.672762668065285
11.169123439763583
16.617864393936834
17.962599089353333
30.326177646918012
28.403719408540336
13.847449962143598
29.667018574351346
24.822841590768117
25.150231516641046
26.272427441592235
27.83120110927631
18.417060696462602
25.29034422342192
8.413478689339687
18.22923272457791
13.768383473564677
20.266395178249965
33.833368633572775
16.210944040691036
29.382085174492307
21.755274382582552
19.51239483958352
37.44519072948739
20.479415414014543
10.91128385803058
21.41572499799625
15.400548970551723
26.14947902149401
21.5088755838976
6.383595561487244
22.369481332732807
20.91484918404311
27.32298293456284
10.945713691298097
7.602670736186723
9.171837993880951
22.854497680635593
10.881847079164109
27.721029756154746
18.593003926439373
18.658182076227256
31.20434789215586
19.578536658815988
35.79466099413127
16.9330959579003
18.343744977913826
8.42130389682937
26.6145615872399
31.06227064182144
27.431805286774686
17.9516753043689
15.419637790329054
18.248971715842732
22.22957092939114
13.777320088749237
10.191139250843959
23.816324086416913
19.302025835687527
37.15992210136854
17.072989376512293
7.935907049677449
13.18842466096396
15.548331658575668
23.233246543456346
6.444261900631676
31.79379211393662
10.535412209336265
17.759224816005517
8.948694363266037
22.006515941357506
14.536104469609477
14.518520460697689
30.744147513989947
33.303022556903365
23.312201192614243
9.648363844459256
26.43918538478448
27.660278734193067
18.818704254602043
17.27253202068009
12.358611499952614
18.474173392058148
18.677309719420766
13.421510883222814
27.471918691088476
13.565660340548222
32.811807917663764
32.99620540789816
31.508978080646532
28.838980678053396
18.09693758648684
18.422686982318623
34.22796764530768
22.439659590358474
38.781691837400665
19.437358078393867
12.532072624348286
20.47019469444878
16.980107628513057
13.483663550476303
27.069956979809845
20.96446103078261
21.159861020293533
12.880356558964367
23.519596496285946
19.76162821794943
37.56728104545062
17.86123128094315
36.03775898415783
23.35780016333156
29.271692751316593
26.43341417451813
19.47300372496647
11.552293886948041
7.184833315247114
8.942134776786409
17.129573701363736
25.158726109637975
16.68865215474302
10.887436437013466
5.190343723876738
15.358011842646382
20.864448866876405
19.695961917691434
24.50276182214756
9.486214841295379
13.543793191471478
6.636914873082187
20.762037951231903
19.963877875103076
18.147264724542346
29.129485783035665
26.899413801474218
20.04825654321925
14.090511271661317
14.340140719895535
25.006306902229127
30.393102793695366
18.15305977036919
30.832777153939553
22.398662805303104
16.37799870108931
20.558380586653268
15.982637221013714
20.652755904204245
29.180779145034805
36.46370588499914
24.491726708692468
29.381362507597647
13.880731564432747
23.696545674861678
14.317908658628625
25.560115228514587
15.73108751553869
13.980930918972371
10.836955853038612
26.80908109417124
30.0716689814708
27.263654840921046
22.706549680715643
26.75052913180582
4.0197833056925845
21.1036475553829
18.92823600597287
11.704944815844568
32.77187495847453
28.743506192436328
21.255669974775856
21.473471508665206
24.270387406970613
11.37900059655459
25.80505454984042
18.616061867497486
14.484856020788744
10.599530567614405
10.202333152106112
31.786839830646496
22.460554098865497
32.287460553894256
31.71724766830898
11.850100504545583
28.135721961182785
32.75944248349619
21.632778704540343
23.370658908586226
19.329109705500017
33.71816635006744
15.149885458229932
12.167353000183406
22.721839666154352
23.355500938011154
20.12408182970088
16.634024875438648
14.37443168577936
22.62310008149261
12.168968900809258
26.13684995540725
29.151634400266687
24.433742625171256
24.8252965927048
31.48829607744464
16.111146307917327
25.796158671664585
19.390842321203415
16.059579024169192
27.142751072421525
25.81232415717415
20.70340751808244
13.639079611314218
37.940251066999195
23.13674762927171
28.481845063108704
19.26369928484521
15.879152352534092
30.31905659944444
13.086269957673176
27.632003665230226
21.700326619041597
14.660690255947417
13.825214221403296
41.24111171567449
18.54256689544174
7.910808762207685
12.05757343513185
31.374864349154656
15.147494693967635
16.38769261220842
14.6507220166027
11.043531077476745
26.431010091822255
13.569431955018766
23.64519352537354
26.54187201096492
31.45216686343949
20.657931049477572
20.564625528153567
13.012643704263112
30.648379365212705
31.05923574454383
23.516512666426348
8.543198801310412
15.517750950685462
15.563952574627846
7.269421346382036
15.17654500713491
17.14790647869713
14.598330970061383
27.431831284524222
15.802035143048187
13.163319708411215
11.43502521034639
14.725011710512684
15.932906869606633
17.400790768887862
29.827127047485767
31.58329191543408
8.69488596452541
21.693452831563018
22.580402947184183
27.949688627325042
11.158303376897782
23.862173347836997
34.56366562592203
21.692113224672266
9.783462055283492
29.257681710736698
23.796629260280973
8.901609111740372
20.705662657999564
17.99589095093681
19.216706846468
25.919198114034458
24.7012591947972
15.222643453808855
23.755423236152357
27.6006886472483
33.47548270344126
17.959949625216563
15.915068140420818
14.691870788138473
25.532152495426597
19.093930723145462
36.38555592379096
25.24416626975771
30.849455814906438
16.9171461949095
34.77860090022979
27.590724372385537
30.0835592958771
19.74684768110339
24.109973579293705
9.31304868442326
20.22112808911847
21.066130808638906
22.742928325675752
9.50907243386971
19.356028764147407
10.577215280917798
22.22630073035177
11.42348135243025
27.069257747616746
19.861969484261234
10.363115822664257
31.70444462448618
18.606851433908353
10.445822010271586
21.386260254708986
14.372122798588082
25.31364038677151
38.59794291816039
28.281382071214832
24.98140989401052
22.366920228655992
18.908917843328414
29.999062579450463
26.532852284915666
20.07660127553911
10.41365685353364
27.327141454098708
16.71884786773586
26.514540358899637
13.887559639712746
29.278664330083714
22.089556437336952
16.54547346654138
9.470599043745446
12.856475693178487
29.365118214071952
5.812929149461711
13.137676893407413
22.82513921587398
20.22054917892878
28.574263008596745
27.275987179034203
29.42041678506655
27.84909129592533
16.558817446420907
6.3502135346728465
31.607401147678257
7.817050460239136
24.582970593307927
25.35932415022513
10.942647434949873
22.799767746908245
19.605639580814074
20.522027003832907
19.81901429288339
15.180651358410644
23.31063109590004
30.842005649499878
15.998061737262823
18.71590950861817
20.413489133217862
22.142110372173253
22.473929238584933
17.263022505490504
22.370508652851598
18.42543320659042
5.770231347451732
12.290879908326087
25.31126237033233
22.26481787128063
14.191916876680105
25.015601898668045
11.482815267486249
18.353301772818345
19.97779199228789
15.66912066440805
23.3755554171748
18.542744206795582
7.117705011125617
20.339004463655826
22.346515579300295
22.464874892090354
21.57348257738242
11.988143213642314
12.48252187130046
24.981289437179562
17.28089002585674
17.298362094603682
16.52595473856592
22.02495913645093
39.4513151931273
18.131116421317877
6.772248930442997
5.995025940806014
10.381173336256513
18.52236154367951
12.506999428851474
25.199151091302266
21.80773171601346
28.131628406982404
18.420255176140756
9.434734599126175
13.518995195887925
16.033205886114683
11.724304736908232
16.14670160847688
27.052166716355494
18.947114171662435
16.425926945183228
28.82768321828789
8.081579404179678
11.515971072952444
21.0749560529163
26.569001279643086
17.836201208483743
27.142113134578963
36.93062146132796
19.86026672636765
21.060484436368387
24.578556316209596
14.326598568353452
10.261004709259735
9.767530137152702
16.27945691496219
15.717442898745302
8.527804056357065
11.954101604619122
20.905170078610748
19.99969756918567
20.374537443146192
24.93751910418231
18.380190718642318
13.706060638839343
19.939196515627128
23.3088126284731
18.086195087629953
15.409924281689403
21.07785055837835
17.13109013639961
23.49934272951473
32.48786253921112
20.21046306468096
23.69812484700152
11.255947794191382
29.731132503132947
30.468033671690122
10.934656017280009
13.224569854480553
11.54239422522651
19.140168679512012
14.313362009665362
20.19067446804645
33.998266258575725
21.8408387995277
34.262064406282605
27.291491646752185
23.80991209003734
23.325253694737288
13.61435100958351
14.950620262383831
28.13622970903928
7.194782354984488
19.573558047649232
16.419157686025095
29.2533539081407
30.771846806288185
21.947484453127625
24.48501888343415
13.958761338073401
26.17774709113961
19.24586796224455
16.078496009494664
22.445180591329976
24.096211403087608
27.30948070813901
19.52141403595825
28.91054538182128
20.07013194073305
21.16816524748544
25.95906674126269
20.961120671878817
15.776242563215039
16.130635443960127
9.0258775668449
8.86199580338849
22.88801501276017
20.93213446449779
17.204478489428134
21.26597094973213
16.280295097688953
12.378190692946347
27.584008076096257
26.265702910082904
11.58613009827014
31.39286771723636
30.54235550973843
20.964725758766296
24.23378703773654
24.79155427666947
27.599715771966213
16.024254435277406
21.78241890237692
25.82663889941632
8.106035226519943
14.398686679396972
22.2650933429291
26.823705662014767
7.548813751746469
7.842223475559412
14.490739232228563
22.668418762499424
20.409808035541815
28.84166875162758
12.970376680193977
14.94127420666989
30.57273024151466
16.2128383109166
32.09441605657826
23.88169615808523
14.251008073883241
23.19428685942814
7.210351794283791
10.015364946027903
17.73309875771465
16.436720601857928
18.673067904431804
26.410498144326098
16.97282842784657
9.134711754556564
25.720551829943027
22.410757917144043
18.82909447087619
18.585501647092915
15.437592314046455
25.87559859185029
34.10194718309239
19.50922463495614
6.62979962341897
31.08050155873187
15.122006545775486
6.8585331703554
22.420160202737097
17.03538923733593
16.749467423501315
12.257271898834617
27.63367362242736
21.20956202499742
36.20068336174564
34.98453334322497
15.366600948548093
23.200404756852347
15.080391526227222
27.849912577744693
28.024979396710034
25.6303042211666
21.442180159126412
16.178677911292926
16.738796521242037
30.00063478447304
25.708729782790492
21.687659449560368
26.809209840751436
23.69952931846533
28.413045779941267
24.65441903952
30.3663055943348
24.033696161305475
20.099270642589307
19.7288810002285
24.186853536765156
25.985033801751452
21.680060313422604
28.337861828413196
36.49860938258263
14.69697052616908
16.585454347111032
16.983458429445445
14.044005390623688
27.811529766724462
33.93354686272299
13.148846420426606
33.83100161591992
35.584941605566286
15.205174590108658
25.95805648978524
11.08954680783574
17.345608536541025
20.674128645094893
36.168473880071055
13.301419960096855
26.262001339469556
23.375772406501923
28.401162911439336
27.836993640892512
25.45524526749298
15.721031740788991
31.785373452100195
15.894316332130414
29.340709052550277
20.90048263302144
21.968057771785
24.803693131677925
18.440643476474108
28.059835388674713
15.807309676764609
8.84336079243636
24.527696852304306
23.485793358422914
24.592955749352356
12.33666784907674
38.80472207793893
19.932908013001168
12.959399623603904
18.623510547068292
20.094064513828926
30.149207728533852
25.41567887060414
25.697767123754254
16.888338163519258
21.85887980028725
20.949458378246177
30.934884487386416
21.33052464099813
19.572687938011715
23.65273796299678
29.864584862109425
21.072896394183168
14.163837301382484
20.55285943910858
7.367450687979923
23.0979646413852
21.92707575883801
31.0199449999239
17.005778410047878
18.059565777186425
26.55014785108529
15.031685662594255
25.860452783437033
18.025681543667208
26.659237284354074
34.25971846716053
8.970642922068127
18.584246098889643
27.472422191729205
19.524395253852294
24.300164483546624
13.648719686320685
24.54272400962664
8.300915000912816
13.900421284505281
17.53640567539723
15.37873470891427
13.372485970991054
16.83596336454602
23.516563023121897
31.57790681943991
29.181436662878593
25.585625498546076
25.533784272331214
18.34984291754639
21.718912407644524
27.088505660248774
36.44287985764455
30.269269146290572
10.601954225736987
16.591952038378967
9.214581785136179
28.765872434478215
23.810190678440883
15.390236587578883
14.24699404716165
27.139559364176293
19.076304396615445
23.980129741767108
29.460042544046242
30.766867847352458
11.84115718686852
27.356581397941692
25.11747134129278
15.527040434428537
7.684462910550898
22.751564502017136
15.881609018584987
22.11486055821224
15.074382413209841
12.601742536477708
18.814135536949166
20.036199730862517
22.91053836063858
18.97879376887736
4.584167846807205
26.82826002022549
20.933977602285257
25.384583828241702
25.15484777907661
17.555068404085993
20.13514759541728
32.28435449143223
25.04674374482618
19.786801054433727
36.73726792174353
31.688492463346776
27.34521780336098
13.878269286406775
30.664857324488768
15.848820993336828
6.571862205982693
10.017544700667528
13.855448075096858
15.580365488358018
13.359849153311767
14.133288818461978
14.787447178755434
27.765509882510333
22.54395653674319
20.109476726644242
19.342143155771264
28.156546716717898
26.99808959420684
13.396875411846738
17.64269818797836
28.25730514736897
26.873883993912017
12.977066146082121
27.9929706804807
26.778994406696913
23.155343658626734
16.581928640038086
17.781034655212842
13.146951567977919
35.19773020478288
9.075983258241399
13.350053657100105
31.23444971714057
22.61953744235135
15.747779848070946
19.8846594139654
30.118353064988955
16.70264110227841
9.371795051945575
10.857377815031032
15.87288375936788
13.62040979749926
13.306955539282276
22.38510328363091
22.24962275307785
24.55019098517264
16.113350922296295
9.130819603483568
25.043136868829173
9.285703716100015
31.99093637290717
23.79206265716372
36.84690862241011
25.1599511456137
31.92444519287721
17.106345580801555
21.498309081876823
14.711861677829063
10.965991994127863
8.875888475795382
