17.06724314056222
19.42382514186211
18.35753934676156
30.775859306402914
27.45974062738867
10.89253518303385
15.974888241000476
28.48607449383091
35.0156691482859
31.974674473065498
25.055618970348657
10.234810641305904
11.646170635115471
17.631142525671656
9.399277931121015
14.23913708652174
22.7507772297705
32.80676025602022
12.077679208363175
18.07089296432752
20.242648986319203
33.43311079969739
16.78093565198627
18.531948795199852
23.48600379789927
26.343482406438792
34.240784434096334
21.9137458509457
30.402012633850873
24.65805858920614
26.15154720021802
14.64479690379159
20.36285448974426
17.39410834006652
10.864510074839798
20.253949997531016
22.080917799345652
19.672630095136697
23.386065730313188
27.406618176181873
23.912008945508052
22.61716377550002
31.9943080483257
12.942669245582028
20.143551293193703
7.368802420979863
19.89748671145503
14.787745353201606
18.072040877442713
13.478133579656673
22.26265478222191
27.515936437691813
27.16265862150289
17.46825077581113
17.01740410270489
22.067886284693408
17.195326164492673
19.299228624534763
13.37807488075727
37.41243746112484
4.645742521254385
21.193242253681536
8.131782965078354
12.681385357697755
28.45640781481494
27.181763267902745
29.756525523473435
25.458145950849875
17.471459975013214
18.100264846260817
18.377961587410926
20.794568116234874
29.333322915695543
17.875412206392458
24.3656862837428
22.086128185981643
23.40394337835573
24.0300289387118
31.027675902936604
13.667572109839881
16.476290975386515
24.578402231597902
24.563928456239722
13.834043869345972
36.262393363748465
13.932151093907992
8.608802493300974
5.698343353999661
13.744636743134318
10.589890416426371
17.667734620791553
21.860198445548324
18.4344300006039
16.485649715692794
25.167027327663796
14.09185384360521
13.386122038044027
21.140292746900066
29.901600768598247
33.24199677837423
17.557228441047638
28.120438214522302
24.61278368101928
18.780519374655423
25.74875942086982
32.86216922314767
20.826070053657702
24.71133226208656
12.287218208632025
5.028729490927309
47.37361817116133
13.45417048874348
27.92268681160093
11.328330236571816
20.867771208619956
16.40662718497367
29.194255063570402
9.503535465604616
19.300170108211397
11.907314911124724
17.16147352009606
23.278969422934345
13.672759482964905
13.31148808251264
21.101567030122162
25.25820770105894
20.448077546280498
13.408886529758867
22.98178897852605
29.072475568158676
24.958048551237724
10.966488840241576
42.094897667001426
26.567010978085012
9.896943824698951
27.308703180891513
16.335973451106543
15.733706314387335
15.49522161695991
39.416694048685734
13.568813476277453
8.329687960086826
25.52422073540297
14.986421526304632
16.445864292562305
23.092583838026787
26.492696140581693
26.399715845822342
24.207730236405613
30.26044362273347
20.709416855903694
8.74894453111296
36.1130915473578
23.372938527109046
22.069262504902934
16.37360617843911
19.637986047144384
21.911585701654854
18.860547088180866
13.066655677188328
6.319840746661656
16.581914327275115
3.8559498565049783
21.603416570648026
23.614637086251985
21.261785868136762
5.635980809040737
11.709012137333909
25.93935935743224
10.594396055174917
33.20515761459943
12.653479569798275
15.954565271244293
17.688185443640688
9.85176314724141
16.874427279717306
28.18460591922828
16.48179811596937
22.11067681050824
17.482398668296383
17.783201749421572
19.965039706731453
17.976625430090834
21.40994929574048
10.316733095115982
15.308050585342187
23.656871653647023
24.3787769123474
17.325564050063893
25.222012487304482
3.7987362852925957
16.729067577486255
13.522555290286656
16.66535123670137
12.501735273459532
34.5789263224403
9.987867655775123
16.759977437958195
15.472754674563962
31.044520575647766
18.37001623534665
25.851466884012865
20.89465566220785
17.420331688067883
17.328597348798834
12.045915063746943
20.09542116404318
34.25724490669475
34.403404799732144
12.074858544868055
9.564275063445892
18.04580614864066
15.385440281430474
25.374524523894173
24.636563963225125
20.503062613924406
28.538648937144583
14.389492230241462
23.790440291220815
6.508904311099264
14.543996720936846
22.2392649420221
16.606537999551268
7.756384150211075
26.83451359359433
16.708827798172273
20.12796432190514
19.224850623425684
22.269877684840445
19.510904099870174
32.65892627050177
27.758943947980278
23.382987306275417
25.839981873280948
26.42139342548575
30.210072017574188
31.135427451393195
31.20815501864586
11.158154171356243
6.341464018245048
16.761470749413967
22.019869398378656
11.264083604659103
35.919127005470145
22.0713916960233
27.79469113690784
25.978590343902386
20.01735623139774
19.697386593836676
29.00376460358983
17.597438755775563
23.211089114697845
9.495025256953804
13.667013810035112
22.413236104361044
24.857007674011896
14.340004232617538
15.885386964836053
18.910545220304197
12.124569302135706
17.299111386152735
16.35308493146886
37.17306267002406
13.790428912707679
17.206764284254234
15.150031772054298
26.94883177018922
22.15507554719524
20.923063984352005
13.746194303042184
17.68085030382552
21.365489092808353
22.551654023369203
28.14622530397197
17.223891005941
14.744935990759798
26.031290315551185
14.327456454488772
13.442882973963567
19.593985649628593
14.340497803895687
22.232427702282457
19.493305825788223
16.106695260091147
17.840963762111357
4.52796647050728
15.702143869075337
11.079311283893814
29.785498428844804
17.007782642203274
18.537183316251827
14.527178863148633
23.52725059148171
11.567639714899997
28.480279303172228
28.63744799286259
9.191938610591254
26.797500432070123
12.546110748107672
27.047356854109413
29.419542192393283
6.275875929953348
26.525500605807316
15.89784021352645
8.499112975608742
19.236010437067883
31.837441792587736
16.63152558574223
13.066540402320733
29.876886176472738
20.292479792073625
19.560208184033204
24.484005683991526
6.142897004370973
26.736368700446338
39.06351634125311
19.1990885804925
21.4130025735574
18.298038263780064
15.848890624324843
15.49499191493884
9.695234750693256
22.499004487336585
8.456413858398548
10.197122274774099
13.143985464935914
10.54689269795305
13.341747155687948
20.071631910472338
22.273801366853384
10.084072213450956
10.392047454305164
13.195442754319084
14.643120255435042
21.921448988786853
17.265507823245084
21.037539745276135
6.076725435088625
17.749795823558287
16.499352803674263
10.45484960392192
23.438983668210227
14.052653935450342
10.046611132833151
24.09296391124048
23.89004183913491
20.120632123994813
10.787072906669929
14.55862461242963
17.98343748304524
5.134405183324348
13.301221446819994
10.59156747675058
12.028846155385027
23.4896134982299
20.049772915810433
12.479273599553188
14.95666038598913
29.62903216199265
30.028334343637457
26.528271338766324
15.63518253875653
22.936547454959776
12.24913834210431
21.798556383118136
14.36177409513788
11.141275532946388
23.010861147124483
5.190640478999044
27.851981702591107
30.692920501650345
29.04963141332263
16.203813515290694
27.413196691775365
13.639571277250294
11.275299481296521
30.199366608957412
21.411405628544628
41.4670301739523
10.261599288051741
8.82129999337793
19.53036837095448
13.960897073393555
17.18783165071938
15.904841583511018
12.597544985998782
18.85257547944374
25.121436116693896
31.077081207535098
37.442463352265186
26.524929716014295
16.665538852326353
22.430611574841254
28.603678476169346
22.341564304268076
27.64466804430397
11.421464952377033
19.933757526097672
35.026415541941915
19.72737297212339
39.05888240494297
9.753048063863607
36.036930705217564
27.195212702515995
19.14796525602891
15.825603546628642
20.398804597223204
14.490886229327838
24.118811511226266
27.67196643465349
10.813023422927397
33.14109527341393
17.270871007553346
21.599440517256806
24.04562024479155
11.065712194045405
13.747541765264804
15.380210268497958
14.476574538059598
17.16125132395668
26.446403724508926
24.255587116769163
27.883268005148157
18.38459499492759
22.291176804070297
22.78334810404909
31.158269966776718
23.115631447532664
15.906752400505209
19.967909805790978
14.895364539542264
39.398399792757964
26.996967351665518
29.4183224231483
26.895931388866263
17.918699527440747
8.793130225404054
33.74676476389814
17.883481919532034
27.926122914063473
25.225718819671748
27.80485306250348
19.787987058478674
10.496316921240696
12.780997932017407
14.682628179554243
14.999116280276114
26.37207563040558
9.819523012481946
13.032932186810735
28.683623103272343
31.631899376101035
26.503116571834422
8.097596553472014
11.556353319418422
32.534710314331804
14.294553821351023
11.932121795688749
27.611502501095746
35.300156094190804
18.356679035954883
16.24794159548421
24.471613240361584
18.695618240702277
11.484905312746884
35.10967275602495
17.830407565745073
35.41737116043645
9.562069126724476
10.650163705712112
28.233624714425176
18.693245807715467
37.58645475442189
17.43664969314082
21.135025777627796
17.12483989652336
24.46018086526447
19.406463600142576
13.798729198774224
24.492791128412275
16.31820850112859
18.679021073463705
8.80215700736207
11.043298164711501
13.613927551744544
22.812185597158248
25.720157572056365
42.88053597265495
25.994258234530676
36.824236268703835
27.10652311500455
31.866870812014177
12.956841094233015
31.606185248965343
10.399889285996334
25.80264156488137
29.667321277793945
20.67813347858167
29.139894227503316
16.755286762761365
23.714911287068634
15.369396834859359
28.99799572929822
16.041376654387975
31.518194571330927
17.249931892053564
27.398952037315272
21.05558577342729
17.53497836516949
19.268505042466654
33.01839898275426
21.21595986733801
22.31350976340985
27.66190769893602
15.536449576844582
14.195160559530764
26.40072519912588
23.475320885291517
13.54101944162533
11.38833077776092
13.894660632510474
24.530554646852135
19.920453462616813
13.126270808605053
10.326821207395541
22.295113701920723
15.052871308665873
4.916251881694161
26.553406770092735
21.482903929946374
20.561671703050298
23.6467408710468
22.73853169734535
9.519387034019108
31.058108497498832
7.1655778281053015
22.88072103098285
17.93871525679529
11.981175839693165
29.87104279428785
35.88106331183199
23.733270932545334
15.536071324342542
11.36713288871133
15.134657075391676
24.178008555604904
27.555567856642107
15.568955850747388
35.1606313117019
28.08815078700484
36.87015856479267
22.646789112320647
26.69035183002637
10.138169194774196
18.259279387225302
14.145509029829274
25.78117111146633
13.108055060265453
26.391545817350938
15.980034740589792
19.952930038499495
25.24002933755485
23.576040078441455
19.041421741734013
14.367028710705977
10.075460184814041
18.13684832723307
16.46039877846132
31.92597527928857
26.028323543752453
25.332384973719552
28.228294969541246
32.32280182253874
31.39094885528627
10.14467703323461
14.084839163126576
21.450277771386673
19.932788555964905
8.780018686459739
32.792540407692066
10.001318202120734
17.0759409010604
19.98541166949402
13.535059811851093
17.260076111965418
18.90429302920152
16.568905562166606
23.50676482679527
22.297037529791076
24.616193115992953
19.44887379434592
23.579631059667662
14.924288006405323
9.577274800217541
24.476545122343747
11.100687647930927
28.68378575241161
23.21495280428672
24.660753948266183
26.045423665805515
22.668942825212966
7.6428907468081775
15.264190226730303
18.15680490428649
23.796210460569252
19.244034840666487
19.66538021173867
33.526112880762014
25.11910362382564
29.17934933917664
32.744767084185334
17.425016032254923
12.215963522746227
18.369965907679706
30.49002555042314
10.904571933748146
20.76240369880115
19.730493215058512
26.687154199597863
16.386822674988156
26.77529180120751
22.56095152735195
27.12867003654433
20.132741275598494
23.601079766757945
16.602290014700802
19.174288433283788
25.935781145513026
26.68144482215943
23.312113719033626
12.435473719756603
24.7524703455158
16.028530253855717
30.76642087588371
33.986549601178005
17.672678427025094
14.577389679857735
27.759154771568436
9.496890865274384
20.7353692882018
9.823462232788737
24.88376911024767
32.63967645377973
23.860465980984078
13.986537733747584
11.535368784993317
46.12669014273454
26.628550423125795
21.979718717253025
15.078821545938446
21.62098130080169
12.081897507531547
11.72174118377979
11.626167837150229
25.90581170134205
16.253726962643654
28.179621721680842
30.40700249073376
9.211881758751836
22.666836457647015
29.85854898440831
18.858215500016737
17.829153847944532
21.488723972831846
9.02396984397928
17.09198184345994
13.671566485515369
32.38088477859508
28.638769645196152
8.605009892161561
22.26286682911646
29.13635260665597
21.709478605446783
6.115310654583541
17.483023918816123
22.433118152719715
17.31419420440542
11.265386071734376
39.964719792212954
23.86118096411089
21.603322899508363
8.78535893055597
21.374431330178655
30.52759900145346
21.09557261832162
27.678557854644197
13.261162074829365
12.914066984149521
37.47950933091988
7.018798543717679
16.84522145786627
26.953559769249456
13.72528044083358
3.907486526108977
17.221841221419098
28.210248981323442
11.982569945006627
25.831617854288453
9.367818919083314
24.76582274434751
21.148026579124878
11.825932151699615
30.722687973823547
16.247664450504583
22.652908172789513
28.800131518034252
13.409897519025584
14.776836978230554
7.07437119947187
30.93011106740371
30.065025993131446
27.953681770586783
22.53485699695054
14.61409841728612
35.010516722030985
30.457490725099987
26.511325058189026
18.582570329437594
8.357519969116694
19.027893686113067
19.13876284270283
11.485032351438115
12.396494107458325
42.297847178895395
15.17214619762811
9.985041519284824
13.510781333522917
16.253338482138492
17.53054630268339
24.770085911058295
15.557653330847439
12.909035104261857
21.69357056165407
31.037802582175164
12.388137817116771
19.991522572526804
30.01758719838686
16.427705348841876
20.37300932077638
17.6617218638082
22.86898112421446
12.78340747069873
12.19203886054488
27.57689760693798
16.44133107620304
6.662560185801341
21.5817197387513
19.98631267949559
28.77439272815384
14.747861955115246
40.171686407762
16.641580057535307
11.532541428286793
27.880770634761703
22.32440267209301
16.752102729595464
34.56645611625167
12.433958322873789
24.863038427798582
8.670822273373322
27.308134370387364
11.685544475135739
15.473022134376178
22.867466134721703
15.061350257225966
24.80599316789732
12.706002812505753
22.693589227319624
22.475587342126936
31.810197691153075
21.3510857224276
31.00094206380399
22.910267479054234
12.628231411747759
27.39055794106633
13.365763305638108
16.678975891226763
21.263665505277444
19.03347886836125
27.17906656518772
26.24494980613325
17.37088424119616
8.66352655026695
14.820007736652908
13.134104823542158
32.65769053587258
16.33982747770702
33.828969499060726
23.84113130813042
19.20261815104666
36.71292950770831
19.306569245271902
14.553912062391257
19.86898258708727
24.587886639294208
29.156021277248843
15.191149218849494
15.13636187253909
18.439036491331596
21.583326405355585
9.144421558583215
27.228688238326235
15.572717140171685
15.892364132593714
15.767498820946583
27.272207652758915
22.71167167807674
23.931369221446516
26.309761333874203
17.062474872217
17.58184835913247
22.131875844746414
20.597230965785183
29.51178172990095
29.388428619236656
23.250372160914253
18.10239939352162
24.349159701072796
8.914789736983543
28.541575081043383
11.844607378168632
32.688236437866436
13.037376913103246
22.80720150947933
25.233732041604917
24.127357023664917
19.676473790877388
31.425552648341966
22.50861422139608
34.639510151558106
20.629254595388108
11.421401388556683
21.552248808277326
21.40519550122797
35.1064969728791
15.262786775444786
29.740810128206668
7.3515327953144265
16.236817770350918
21.096089546028047
18.15618275221907
31.147147583038937
17.833575440264017
5.57468095898902
19.154460957678147
18.388128893728865
15.389932060273507
28.32709602335553
17.44623927263075
22.405891574735726
27.72612957023079
15.321655390163164
26.780010061159196
21.644779919215857
11.327587074417147
22.862216327454707
26.349843103936806
20.34312997988995
20.45080310917801
17.737578025502728
19.58351160535703
33.29212565836975
11.787148843067984
4.556754874497885
29.44747512107166
18.55069431359238
18.56535660559453
18.716052400495734
33.87918884726364
27.71053357528883
15.91665248638631
29.03569711080655
14.536767448779504
29.89170020415301
20.714916115456475
12.553934928248696
15.644576676086858
7.605888850198753
15.182166272572548
30.927375509715304
31.103478043395224
4.556577957303335
21.620318108751402
17.17917968439626
24.08663829125657
17.75231017152027
12.439228793284
22.287154067947494
17.979727692688144
16.87829437544644
19.597142511026455
26.753068806399625
10.029177071485606
26.91118324293567
10.42225869156005
32.21933940992642
25.064126238975046
28.34255239020483
18.484423640172515
27.793385141603697
23.945423172699712
25.678555151956257
23.965669199746852
18.980355788645635
13.445317177886572
22.291349494898615
18.310735162718515
15.778721396832204
17.970294347755434
22.948732528640218
16.001855074268235
12.74773531792135
23.907229036082104
14.317730592269672
26.344963561558508
13.517960073874427
16.902831017556935
18.5218825369332
15.236694252207997
17.307080667960253
17.293208258085155
19.3238577368605
30.75813972004376
24.69216561689906
28.13937416408766
31.497234509491605
39.39963690047253
21.059535737682506
12.874737292943843
25.670843271842852
25.46328477078864
45.31222452739947
10.086903185846932
13.215942541804063
4.492685960211801
13.066934260051848
30.707477928992297
19.01759059261256
17.626742937211535
26.132823746975596
15.791466594129668
24.305150965634304
22.256135549232688
27.282390109140696
24.353831057251927
13.222480127828732
16.4382316310528
18.952447081991814
32.21368436457096
20.528979344018463
31.64283432999532
18.071466885582105
28.06011656638327
41.40712968362845
20.903677014788776
20.810416589145035
21.95894032924627
18.685259846572492
12.310419877202479
16.592714977535003
28.061085396062147
12.85599452830513
14.507173731043286
27.85004039835509
27.33927385041587
23.997456816165794
15.109729207028991
12.82866243338583
20.06999432215157
11.100771086795527
28.613645618742666
12.476979760025952
27.33416061636557
15.065163776662903
13.477859162135507
21.804767839513794
23.01207699575837
21.23137796504892
14.796161843934561
13.008833802995087
20.79216183618991
16.79377955351316
6.875494787821337
10.92096146549702
11.152546781316065
10.605893701806561
8.722029710987247
11.131013842355848
29.304200676672178
23.893633110637857
20.59295971635324
14.77457980973234
7.56370678565851
24.80179665946591
28.363266315748973
24.459441275988503
13.232005923468993
7.364023042582548
20.474834142918667
22.947397100019547
7.3973906733365915
7.225651023425743
18.990161614378074
17.576883647345536
30.63787520010812
17.930944740111773
18.59483398244726
10.409812400561426
23.259735225653902
29.513853406087122
21.81099756340817
33.530205903672766
17.908192788209163
19.718225442562012
16.89302537783925
22.080343764084475
23.924536970980157
16.01893263423427
37.934580528766205
13.943919329852905
25.86231581254353
22.32369337360541
22.28145745970511
8.252633453453619
26.509933917262874
16.104981074106444
28.46318271215895
20.817126214744476
15.34548475168596
18.78695383878486
16.93187541335259
22.01726054899246
22.827151106965577
21.739120974835892
24.738306635685955
17.774171264926583
31.741932685274946
4.967596210474254
25.051526545996317
18.22955949049229
19.714539926417867
26.229055843002666
17.46639224586437
10.431984434133613
23.821266003165245
33.87759923564978
26.689633707766852
29.05847811583087
25.125376375094373
13.668119147861555
13.819510625906563
15.046366183956152
25.911555788693256
15.886135648636634
22.995525124016453
17.662588790465097
30.841518907436694
4.108722506471378
31.414856356162083
26.866746289430957
35.000601390956014
15.352261125083952
20.302305040645436
12.413641171911246
14.251336727380458
26.12002187834199
15.599099539341058
26.536573309355195
9.70994826566688
15.776452143148118
9.572964099732783
12.339260396617298
26.772714147621787
21.19445490150036
18.485645854065268
16.50626233334828
23.401523040497562
28.17524370765107
11.462420223676029
18.32174709994242
19.03867736371831
23.772771994894537
9.138925141042517
27.714722510567732
13.672665272459168
19.438844654436544
23.280185145196857
22.68265080772371
21.452905895314974
28.335903718192743
20.272117432507738
10.207897796367844
7.209720510107072
6.221724629676047
16.98232724543361
14.03591281665637
23.767708624294198
9.823654255620728
16.731916158181605
27.992871090670384
4.814859286123043
11.938380970764513
9.707641466802542
24.46955574641338
27.29303587681709
24.36853953311481
25.515960157084383
20.391918233034943
13.885268931159155
12.919678074846495
42.42377661309805
25.181836198781205
11.881591081332884
7.848297018528279
17.995506891174752
10.491685461869269
24.404876404256516
32.10516983551868
5.228684425952282
10.842786889279052
15.944208372224043
13.70327308174793
27.198218224740373
18.213714518312816
19.01792945540361
20.2062919342581
13.358214386479174
26.80880405474676
17.83717210794905
31.136051375927654
17.736851008869557
20.49891164052491
33.75754722397285
17.483809980159116
22.865434859952543
20.1169010612809
24.471680321103502
20.42521507735962
34.887032429759024
20.431705140650077
29.498310477925997
15.900114135708769
32.22464635392448
27.98738455672003
10.453819375301714
16.618200252456138
23.650159940777947
10.815950702916965
17.01388739184411
17.57647569303387
7.399874758950439
24.56692495519466
32.18959117217995
11.943648221847301
25.86980978478765
16.48107730249066
14.161895856850066
4.206707054265545
20.746053243229817
12.260558339035535
17.168431347323704
22.511326863066717
28.721835736131936
26.258146596950834
23.276934729547992
18.607375984870313
21.93275278259596
13.958967120902578
32.64569859394624
21.147167135427388
31.945950499860473
28.3430385943934
18.265865492868894
18.25367745281548
17.959717507284505
22.036069042533452
14.086035148695693
18.931544577887095
27.345920902284913
18.74441518284845
17.93386601587132
15.108048631466797
25.439853946064545
23.90471563321703
26.939696187585216
10.039683816391308
30.24689119394706
31.163272872102233
16.73688272813294
39.22583629737285
26.83775215347012
10.428780293067547
17.766361251690274
20.168785127584265
17.752847132714333
17.081839696721893
13.315653938548335
29.392071065865135
11.60804118725166
19.67132640405485
29.82551410091204
20.398758877796283
18.00541384617096
28.06408266033441
19.922097800120937
32.299183491669865
27.577646152491404
27.261137651627003
32.61376788239146
24.397172794525666
16.981199263514664
20.895560656814023
30.435623816443027
24.117417447887867
14.911325281009598
33.75297407156982
12.090295631287901
19.595655106224687
15.18805865504226
12.4014199012267
22.590949155482768
25.966842843667482
30.63321220226986
23.01504624043017
15.61987061234441
42.13113716607609
9.828078932232055
17.642123380676257
19.89803885164027
17.00054711587025
19.090036493143145
12.259592588993561
14.881062320937152
13.249577422052953
17.39693689380002
18.426582403386977
30.228593136684555
21.028651738397528
16.86508370714913
32.056230415714765
12.06071059851659
15.358606303627573
21.17113818613314
6.752828649791303
17.178476095536862
22.78792352229907
20.052178693995266
24.015826337751548
12.848881505473825
16.48000064736775
31.690229302578164
19.829082647207596
15.860988465352886
27.202611540005087
16.54266016627547
31.311719395671826
20.275085505439932
10.958094222493788
31.18504024204198
16.94299458754316
12.501930500392524
19.12422570820131
12.946049134843731
33.386322594185636
26.78348629821884
8.910683234845665
30.767826039982605
21.797036488885922
17.834148863445613
26.799957586059914
22.978027312836243
8.682635993910077
10.113661758078164
9.684476261988516
20.451053360086284
16.72662294708666
18.826923222903783
11.813396772347609
16.76500713259571
22.25584582553234
16.620980059156214
26.70390038232779
17.243706023834456
10.985691896665024
10.763119678775363
4.693341432055855
16.39700349407181
7.418256835620407
28.414474099486853
22.482002929738787
26.24803239293482
18.779208541963342
14.286085945066766
8.30225666166226
5.8012769164017595
17.001655735721243
15.338964551834076
35.257817943450135
23.764257353198822
10.466312797316155
18.583197691602642
9.788392711542976
11.704316956023526
14.014705070647459
32.59805871531336
15.285757339138623
20.133301395188095
18.837888272340717
26.247424256519093
13.193706381309935
29.746241629937423
32.753815726547494
16.631358609731752
15.114886787486238
23.173580244441485
24.46532543250055
30.643927070497607
9.055060002835372
40.204370390968414
29.311826038861156
28.766133683519996
4.05928240649903
29.551815371409788
18.43943966206005
20.24175759466412
31.515467150897024
22.48138562124458
17.824437396261253
31.944221782080756
21.09289999389347
24.193224172051245
13.82308955075187
26.274228411323644
30.36057022021217
26.99729351485219
14.388045453582636
17.81521612855603
37.55893746128982
21.654714001016302
16.656333351361724
12.867082426511761
10.542001598867156
31.442735201868555
26.263457339417723
22.18159661417197
34.93146390627619
13.0905473207501
15.409872397209753
25.715873412968882
33.97931216563915
3.7577728335806637
17.898075001228058
20.90295616012131
17.147157893377916
12.258381057936571
21.028804365406167
24.331557381916554
10.524718628422885
20.326071421991802
16.217367152338888
28.7062235795757
14.306915126955497
21.748293095268707
29.147195336313338
24.244079421133637
22.773535378917533
18.92764988219764
23.759313149571195
17.64121832709192
16.415402351312565
21.36346184455489
13.009177743141278
18.06581831774604
24.4996229440779
4.840993311319032
17.7085458685637
25.60786825406435
29.87808163533635
22.22819093207208
14.16023421555104
9.162391896385223
21.475181025389936
30.171522721286284
12.893612128714253
28.938674477151274
10.049469378776205
29.43082310810361
28.357983872119075
21.641326837690812
20.459144259446163
17.187308880958927
10.006105583504027
18.67168880675381
14.86993283272179
11.131298363461095
19.63821251617416
23.249856358084248
8.923609894772666
17.946433045647723
28.834926789626785
23.939925289932997
29.880860830217816
38.77840495307858
13.31725403510709
20.19631718002411
34.75644729012725
22.84668283434864
14.838663252785082
20.170864170047093
35.26001149601781
26.026646683841886
29.21405739983031
40.9651206083892
26.99088099315767
15.601710253480498
12.84598676142677
31.66955162419775
12.062687488622862
29.287123538974182
25.582380284474695
23.608073320728323
24.049842362819685
29.24590353899646
23.715555789848466
24.382979223420804
29.394770959576803
22.76865114523803
26.099725432772264
17.60138348443941
29.192504294052192
19.154986603667627
15.223793828653033
27.69959347203929
27.183766323288413
29.32857605688207
26.613629551901187
18.7280082309328
10.997672302686698
10.038768152593347
13.87202229045165
12.392990801558648
17.940529994409406
8.42009343699297
19.28895065988906
13.590726836824977
17.883203300864967
16.69391294603626
26.858960168283982
20.245470519563696
15.478982895819383
22.775665231260316
30.84285463859872
30.225721990892737
28.755674175138278
12.36257316336641
11.177212571353975
31.512143654381024
32.42153655619794
27.20903940233195
18.73534703468478
33.716162755767336
15.310564450939033
15.957206104070705
22.884976564351817
17.84839374800231
30.80061174421386
23.70117327350801
27.68810481383858
12.671421893040035
24.142225427308972
23.671606386880747
29.11751727696773
20.721514862149363
20.107146302512508
22.097896780807417
20.384906306515877
11.775951580167861
12.40828371398085
38.469603048878355
30.095725342584714
34.7511093260863
20.74788775009879
29.798728687269904
18.624721293765436
23.815566453248174
15.118414442635173
12.777027388183583
18.673472469492843
21.45450596265687
22.998324955060863
13.930688602943784
18.812817870098332
29.332393551429817
31.69563402018072
24.855604642088608
19.61009646970676
25.55433171464352
11.0834720898172
11.160786133117979
17.832314877349102
