16.01234365670498
7.867074013495486
24.01945782904498
24.907437124415363
14.757866896462472
22.799931868652525
29.557914670445147
11.847949950471882
22.321755799707244
17.94158748929813
11.798467441275958
19.663500811586875
8.946852500070552
26.484183484544307
14.139230577496349
15.305465589995592
35.82627858851344
24.111115235680433
17.5641348532714
25.163657960243228
13.103781629640011
11.811989813793534
21.568405024309182
11.023216948711518
19.624522472513295
18.892915433571883
36.3450787693455
16.709955626184854
15.784238153818444
31.309512400360084
17.408633992096387
29.55382858875412
13.908570739094035
22.1244724598622
8.916869705710456
30.68322039142904
36.218515040169834
12.685220015617503
23.80812681108958
11.635488188339774
17.452385283908768
22.75415850022108
27.220888538403447
12.093275695875896
22.033474919115523
24.541693667816933
29.488927700911635
30.140273935294875
21.669811291014096
27.057236578402
17.18530352311469
9.420122951580492
25.293477166875522
11.155910630824582
24.052976617727307
10.596129765248026
11.993052047112236
31.674789154639296
20.20178636475217
24.282521789180585
23.552503804486694
16.337727532372515
16.197390785537973
14.493785353019591
15.43435703414884
24.472772391702094
37.163389584314864
6.824429380463014
12.277839550191409
15.86563826475105
32.23907930718296
16.605657204627928
22.24252761039432
17.046700763659132
20.12513394985653
13.460268125890648
17.793155094107235
27.330423515335536
9.768692818617735
15.853050316603193
26.664652155177183
25.104176312902787
16.2726877689088
26.16516142783665
20.602967715234136
13.235465965322648
24.47070957004456
30.60285302828637
19.873851171467926
17.16526737227483
28.626294785634723
22.795835605957375
18.115315448471605
25.363865463341007
25.70773090513989
13.955153583942586
31.475659004318366
36.81677608272416
24.343545308847336
10.388277549379174
16.968381517758754
18.74281494771427
19.274077661076998
28.144448633734992
28.487161332120223
17.403793992984287
19.026710911832012
26.7475248582794
9.950074870776737
18.8283600445492
21.378573298269817
24.164165321923548
19.022921033784964
25.181625197773005
13.220930147664294
19.31306918448183
29.77166009151844
18.390807821789416
25.447137115957787
29.217644765883996
24.619872187038286
29.20515137164485
6.970156274729179
23.147286317338484
33.46720784846337
32.936207920761596
10.176374053216026
23.96293889087742
21.5127958360256
30.838167437503696
19.83217581262626
27.504456749495855
28.11201933978164
24.71350290364373
28.080661604552777
29.220930863559744
17.817269662780777
35.590168982476335
31.61705529342732
18.399190528492905
35.93872153853346
20.420977912619833
19.774991904090985
33.074683717686334
20.557050530688148
27.228946003333558
19.84531042529383
7.361626343171661
19.553218140806944
10.075166985953773
22.634189635217336
30.7812370087076
16.23990702644201
16.11189861449217
34.20009836244573
20.23048794264165
15.741848895586436
5.954389794499998
26.644429327953706
25.05723434478434
14.424555555769375
22.456087207515647
11.861734195583459
27.067310484997826
22.11724609799274
24.658279867274125
23.000836970377485
9.998128711915678
10.160644929670918
20.27214073992535
10.050105028659102
24.842733636961317
35.0538766765638
27.06898725778537
13.151208742978794
22.885802331544372
19.404932846519277
14.287301961807817
8.143490196154584
18.039780211398245
10.404590546873203
26.613595340118028
37.26599325351923
4.606366799517473
21.03387392579032
8.150251695048555
13.655196833766706
17.33894129032792
23.833834166314432
28.195398927662826
23.671853470690227
34.586398891105354
24.761967641951358
17.003862815711354
15.186307101541741
19.09030908899499
18.154923651537462
27.445862259772465
22.567778626174576
35.3948980511204
15.242045954748729
9.943178180078974
22.88060180800181
31.823814090504683
19.38518604087543
7.110660133992881
17.11662850644976
23.600155561901236
24.77675866146146
20.225380268101855
12.692784617338946
26.97252644381875
11.311233769407835
22.183373403634295
18.540958588891947
22.1083619260683
16.34941948870487
27.80970803997856
23.93833718408319
15.520921916721004
15.455027699268209
21.122401255994056
17.426342372621704
15.70044031732374
26.55760583341575
27.064608923471987
14.638100457349106
18.0663440617783
29.325999862211923
18.488169124683402
32.1996647433363
34.59150351121022
16.58610071214117
22.505371402484755
6.523708447868837
25.640358271145736
22.77465456869787
30.69892395795456
20.65036264027907
24.557283444082557
31.456634778082
15.612026371155006
11.161253428629347
26.877972979913295
31.341218899216344
16.30596276302195
15.5759241069818
19.101726544835707
27.295742904197862
28.788978645389452
23.318813697624652
14.907653983224638
24.636933117160797
11.167147800338357
27.045532845294986
21.739457402382687
21.93346451406814
21.529674448045622
26.938271172376034
21.748992842213056
31.240713400288122
21.385028237938215
30.616450372061372
13.399849702124458
28.198927152966164
10.881431119238776
14.286974887570594
19.779156252014275
21.09586271238373
22.263860221734287
20.497805382547547
31.46808751728197
15.516009761084877
10.801697671927673
22.08353168381221
6.904407195924875
24.725924970358584
22.87223350153714
16.905875894678456
22.690442245711942
23.0527689332546
19.600188887806286
25.08257618953945
19.46336974518368
38.87131907877424
11.760946029326496
18.749324886627793
11.792047364981304
10.88204324115273
12.19571501925746
8.651686850411485
27.25262354130385
23.883670383699926
22.47879232205687
14.377757901195414
14.808984437409023
23.420083343115422
17.04752461724071
27.420187920542865
24.271764623377532
8.880136665551776
21.7881254663734
10.20535009391928
23.617648329033635
28.094029048224332
25.777277453636476
21.82610628759214
18.67313898469638
8.458298046902454
19.011804301281686
27.921455637095534
19.754993830711342
14.375320929733356
3.660787818171239
21.773533838304584
15.273374121215491
12.216698633673252
27.25178394896362
18.345441516333285
14.390687270602555
30.009566187783825
27.394530358610805
21.38852629528763
25.21899420340067
22.43733980119526
26.56941185452279
22.958912726707023
22.532555244790792
21.246250670465454
16.96761266572356
19.58191772851112
18.673891631885816
22.778043066008745
25.863761049322918
27.233687134379668
27.91679886470556
30.967537943973724
19.90843752767309
15.721673937979062
10.000447273750183
12.578226279097194
8.536230787656143
20.44443807752078
8.955485676243487
26.51863633563377
36.76614890964837
11.850182038903256
25.328568941421345
20.382581929071417
9.91283243603327
15.53729122853725
29.16509880314525
33.750856978057925
25.1572805728528
14.929872308983562
19.391567962172175
34.146436272977795
15.333624333631569
18.50046365199038
23.7411918384322
31.16605468978131
18.215188021620982
20.691629010173095
10.211763241574621
15.7106256046592
17.31756527816422
16.45560775941758
33.09890142285586
14.539370519965027
32.37375354403819
15.139636543808594
6.979774723974716
27.72847750889843
27.522534557292964
29.213710553972575
15.832425740171965
18.312038922369613
36.04937168333092
18.289426455537885
14.941341066984288
15.435783392689292
28.327302233247504
6.9467415121896945
17.479831539485534
22.780154618231055
23.558678228043608
24.127764618827225
15.22774879019856
18.064082426995153
26.019683092846503
25.182649609233245
12.924312054287142
19.30436664993563
22.804415941759217
25.912114580749275
17.719480603277894
26.70669345257477
20.074862206537453
23.264284939543685
19.987918614085824
29.178075441096812
23.16056208245448
25.563559847605507
37.69056188081781
23.273155628437216
37.81646793117033
32.15894229443797
28.662739306612764
21.017411464965683
14.667678483733981
27.814714703540158
28.92428791227286
25.401882809990678
14.073309288318185
32.931728354756146
31.620908630506612
16.513165202188215
21.60813263972958
14.461828515829456
13.753291211423784
21.715378591310195
16.83727936305108
39.54015535289694
36.238058927370346
20.17666029820076
28.959576935407405
17.243774008238265
11.685272024634498
21.12349350168084
9.02188245621972
18.360577144045095
18.06660864323752
25.19810416416587
30.628152065284816
10.186837604895883
22.1985559812835
24.823423083376177
29.838783380697755
21.657011592413326
14.731489330659773
27.397239420507233
14.500941156140833
11.823558767667668
10.809004215863542
22.914520790302195
25.408252821945094
20.808238200623066
19.13016508709651
18.274061933171822
6.946807251190458
6.48729141930481
25.689736576051732
19.821653436173307
9.405640210653912
16.011165709870063
19.82985321437907
18.109743188490818
21.969778732614756
30.34684880576841
24.6353236133783
14.838954813140163
35.648593205901086
31.1795590998551
16.747543546638948
21.224386985175432
17.119525561605
10.09733131347484
8.567118108086508
16.097173399928426
20.302926742706173
16.832909326280674
27.33409624484212
35.379999361537585
16.200178867894454
12.227599109866397
14.872441333705261
20.650454377269767
31.056922988794348
33.552753866025064
18.67790837485634
18.87803236755634
30.11559804252649
16.976454994273954
28.32193995667877
11.72790327527595
34.63232838973366
31.787433040972463
9.543121199510521
28.74113403935296
29.680211856037193
20.445906139656465
15.617333492516535
26.393080204334193
18.710355223408556
26.64009637882883
19.668631437318663
18.98177515180821
19.151906302193375
16.372946079464366
27.47044775097702
22.553814350582442
23.125215932618648
33.38368831927385
23.84585017533593
23.525757960563695
28.63279837465879
31.434812043978106
13.443747908677024
12.206511564539657
17.377265487353313
36.24857114627923
21.14153460604506
16.055207866419092
9.90244775288743
35.58175205501811
27.362108533446854
14.027387701311449
5.178560714769655
10.69415446117684
11.543370610936728
20.470819803674974
22.050279860260364
23.158241922821293
16.877348874595604
12.864623939750514
11.558349943543245
32.9198089879598
14.058940627396824
16.696171348347235
19.273567116594883
3.4611246547756727
9.225580211632789
16.108399371454077
17.227058561937753
19.194165010300072
23.352984849952005
15.910118973826304
20.80716583579539
30.750982568379154
23.33235402058462
10.180852655430455
21.74431355776702
14.67022285080436
11.895202441933764
16.944801814216973
26.90863819658195
18.9804095132918
24.184033581644535
16.476115075586584
26.509681319380427
17.512650467515396
33.158866456194396
28.569964345986854
17.558532213858104
24.997420815899734
21.297930577695983
31.087336487186096
19.52230740036718
17.260351998629098
24.23107981150826
29.082854906584295
10.868120902847979
13.785744676284738
16.41166587560603
20.660038558256645
13.839384888941444
30.36853909458367
20.154660619853452
12.653463928979663
23.634793453980542
23.612678656753552
12.343550381389166
22.833667182816228
28.966117768281997
24.189506682530943
23.557691225746193
18.203188072072887
8.420447136957307
19.032031586803857
16.374672747448855
13.871926111034615
20.237927893607264
5.840553032677202
8.369995216783856
13.980053869522663
21.55825461258824
7.851012966882772
26.601184406098373
18.07403475346793
8.467361775407268
8.119717128740481
7.280844403823675
15.1817976062432
27.881425844281072
7.360477874950528
24.152797137555726
22.66527318271217
20.74191368756675
24.355396987944648
21.81494612300391
26.069664148946316
17.42524170214937
23.094149370487383
25.849620077791997
33.140969945870715
27.263852907250126
50.02698181798692
22.37851745105855
18.204345422204213
16.13003086563387
12.402054266881095
15.23073551506346
20.11016504381847
19.170188664324534
15.67409566370275
19.970677196151648
26.519624462307902
11.360978074161546
26.515097632167798
12.964079233010832
24.337930331575624
17.47939373396449
15.713509474961977
30.802075952336832
17.442185844598022
19.76754073104905
15.935066972562664
13.988676257399073
29.426690963563438
24.75795430158105
16.49802728818024
22.550923355926926
15.052431793607644
10.444431936044722
16.600380497886974
23.00064403378377
17.69761778186647
13.86691739717133
21.943165661146672
28.3286782866822
31.31722711034458
9.20984989648448
11.50081838780742
23.830588810257375
17.642856497263093
14.38180164255703
23.644802088028843
25.3781193982735
18.79054639177635
22.07524848624459
17.10105515054129
25.176121180079345
16.425589187152315
15.013281567816401
13.508277603499158
24.982124459974358
16.82683111783947
13.082294931437096
23.407226786722486
13.308191449252133
25.555381717884732
29.455981779321196
17.728560059100325
28.97689334249787
13.985087757412035
25.87101726613829
9.233056340072057
28.86194012280828
19.26754478428005
23.126957705407722
22.415084213284075
30.789431038734012
19.14064535783443
12.206372013480074
26.697626480141572
22.39112597855772
27.351426176340272
5.125608316188893
24.90306503256153
22.34185541668176
16.51874613836174
14.791926589946165
22.525826089011492
12.223777465963401
12.61046997980453
20.21141674101915
24.29612211888608
8.763675335554117
11.92993616686123
27.480334799563575
23.661495905382363
11.136232653467818
23.29692691925307
13.55373355850362
23.906316994770915
13.539971511549817
14.939092401106382
19.512416019687404
25.897288409884016
36.86193088181282
12.08933189871916
25.757546199457423
19.14947290848654
14.248702048038101
13.950793730813878
18.802850514122074
29.495541006054626
12.002796280925166
7.812070746457992
32.910752496757944
20.73656189466404
25.346929421520333
23.114766350369784
27.596777261184823
28.78372296267485
15.717704896528945
22.126905576810113
17.148610579664723
19.192994347700417
18.451311540611968
36.442639569341296
33.90817233423732
19.605699347274165
32.1139111623518
7.350600526402913
25.464886116415844
22.1741882008878
10.410134604589887
7.881931225904378
20.436109494893394
15.113942816794069
27.039839548020588
21.99831975550501
32.38295948388394
35.590212434315056
19.250785360184047
27.373877390557098
18.750134966086254
19.557517896896087
23.359376244145384
38.9594083601133
20.95168766959407
13.887854597990676
22.55965138657945
20.253947460221855
10.044870110345538
14.387165432166203
21.346508209543984
29.510229607051524
18.11303301969601
25.42617601413206
24.54526053547247
15.482491804727392
19.755716504598286
30.79104113679607
23.871250820321524
20.646872683259623
25.46689978178709
28.728577074408964
13.106588847642206
27.069932454462005
20.707390717487957
7.513048229532016
15.927616517808316
8.402525297623963
8.392418089419627
16.722554839926158
22.630162177540235
6.006566580250898
17.644100414921976
23.75886619765752
21.174192536032486
18.15643226802205
13.357574091013229
21.791678938437858
30.258870002975296
10.994312389557454
16.49622442816714
15.9437403053384
22.55122783755788
28.704056281584677
15.84614451209777
12.821003201988026
21.940241937284732
24.524758738836276
18.963727616501153
16.982866771851768
22.006434311490217
9.81721331035798
9.666499067134326
23.836493137964908
27.499432354335255
31.95717032676288
23.045378149947968
12.31605618139907
23.134005722944426
25.019642810030092
29.876010190492256
7.712101164193684
9.766477900971994
13.868813919083205
10.647695709601312
18.10927509465014
8.950262079270159
24.187765174758717
14.755311589469459
26.971809751396222
25.540037273172626
39.901895551340196
22.6566593306216
16.843424928515546
15.590024657942125
8.004048779846109
20.971499380430163
27.376873831675404
20.97903547372705
24.832752685357107
14.151812033013949
38.42941261546153
21.465226245018307
26.762088614456726
20.09319378455613
11.91026527368316
30.28116514378195
11.598673952239018
20.387479375164126
26.26121045730176
11.469891201373471
22.123223165062672
20.211906777647542
23.862872379669632
23.949460668635403
12.681786929170617
14.283284820612987
5.789706816005168
27.172408122991634
20.453955345832778
18.818185946318685
17.25566643696904
16.436490208994595
30.010239517272844
14.698813756212902
19.33760910057461
23.33983052278046
37.468141752254255
13.044034234143378
12.782308898417217
36.767085777225475
19.09344623833469
24.016473266662214
15.55327519505601
34.1162157889858
22.163106626867915
27.232934693350057
23.518006411081693
23.895009931159137
32.06746039115442
5.644011270131211
6.488526879877503
12.684242403687836
29.8556343874928
11.203114204895243
35.478158483725444
20.784583060289467
26.846680182108404
26.85085721197042
17.04104968875455
19.12348779666385
6.549197286349809
24.781898792658914
20.33497838126032
23.29182661402556
15.56577392622694
23.334348677269396
29.97814790095928
22.783306124414544
20.805194384936655
32.12076543281997
21.685490873303852
6.754068330115322
14.45306454080739
9.692007653484467
13.131230077424402
14.851492369071583
15.170242201908962
25.000870976244475
20.39249072212043
23.835552384067967
17.05252793008748
17.47540196108358
26.81510906116263
16.48783893481863
25.53263130869481
14.637311125007159
12.881773540899657
17.207723290452872
21.125632865165965
6.3177729166334355
18.990151585651088
27.15528327067476
31.822776944781957
15.505637036440044
10.62891728287304
20.289499401374385
24.62438458552999
11.07516424245463
24.309243744495898
9.817166309159397
21.345676243469065
36.08422821438746
27.804074352619935
5.874584452156835
33.52715009283199
21.406700343657633
21.206643520768512
26.183699461469697
17.95268664577676
7.666220713894229
22.884611793234523
20.67336392412685
20.727857659963163
14.938244996287173
14.081170510502545
13.437102263170264
23.249166153126083
11.98028260191652
15.661652111480727
29.50444783679743
33.64915548861714
21.435136822605426
23.582144775133195
27.977962370437698
10.57863004871865
31.567575369784745
30.541345116329225
17.195786680240964
34.30752173032256
11.795692755981943
20.990189618455762
21.640903441395867
30.522621291197126
20.64029821771292
16.7532739214078
9.03028768340898
29.234225676302657
13.585901049670717
16.656446619677393
20.28505375228965
9.487222446805884
33.262859207770326
27.781926709900837
12.499652708885975
14.969751748043029
24.75237227663754
13.907236476049206
15.377055776739693
11.612044903342664
13.810372666882397
25.965666650969027
11.821056422758511
18.070562919753435
24.837882808790866
16.013547579921138
16.12512472105784
31.650135706991247
15.409616477876405
22.004387249835403
20.29380523331109
33.61633782126042
10.804784975016021
26.717704524830822
26.35214419284587
11.346893784792377
28.211128138930032
22.408712322036788
24.0661979115907
12.661713721316296
22.68743326801355
28.562067633584256
16.920123216789598
21.162441856993915
29.023856323612726
8.260534372760887
12.483848280019764
27.886035558344783
24.00040829005939
20.777384005381105
15.410012637724709
40.693886496626
13.74239049240491
16.0642451069875
24.220801024404732
25.309299864249287
25.76509971538037
23.518248325001448
23.975157831649284
18.34533290801836
24.842554545790403
17.62639386292901
11.12530340255756
19.613740216133593
10.735690565029588
13.648354856217221
24.577709390933173
21.7811202027756
9.305342456329525
21.34836732921623
27.38509050087073
29.346503018692093
26.28614593364766
15.22896662061141
27.23455861054354
24.49692654409036
18.897032719277433
19.945687983919246
21.980541739660783
27.667064337986087
14.595703589839378
15.338291782951316
5.414105185767075
20.740074491126535
22.298512324253128
17.68985838983985
22.81306745317108
27.130853862547315
39.294767973939194
29.00842294333854
13.932263980440883
17.82874890308598
20.14660629027114
22.333261192939638
18.066892808586623
9.60318545032112
26.407294343409134
22.898164639073972
21.07515140132668
15.312984882595364
17.821926707111924
13.983159875510777
14.179134794051219
21.138619167365402
14.01692289474856
30.0877855059483
17.471215908406528
6.030943052913774
24.52622539007256
25.41888205441533
22.84612900672417
26.628490165805513
30.156339871008615
5.38574164365521
23.852148604284775
14.744905857984499
12.598817513557087
24.17789659149029
30.556926018679484
14.65308967093744
32.18883580935153
12.527382367046629
28.32242868259858
18.569108719746207
29.43106348721589
20.418588380491013
14.006768423460969
18.62883992034616
29.688976793294437
15.88077245759818
7.505284450705513
18.01363193468979
21.327386397778437
23.55639678110404
20.30138241278292
14.824682211136246
8.308966781258812
29.526509808381377
7.878772939871402
10.969186831231257
22.471373384027768
35.81222492813557
9.572798876997622
21.243843428559753
11.681708950725906
15.765555545805853
13.107758502687908
24.432792672583556
25.293367592775915
28.718396146553594
9.926228695147683
13.807409541774305
21.331120354977624
18.454253732397234
16.731400149336004
36.81238041827201
23.850807830133835
26.69830648920796
21.665616168066034
26.042492016325195
15.434391101320266
21.090346020989397
15.497414012329653
14.558881499950502
17.417619517956037
35.77036432857987
7.394913835619826
12.532445025455345
18.19944712714151
28.10180460155685
21.103089800071853
28.32186624728943
18.450692987218574
12.532456148073017
11.781402437751389
17.97471249067047
20.470918565489487
21.041282348694917
6.454569986096858
30.598714028296936
11.899729472824351
25.758546174433473
23.02442288444208
16.591009321681852
11.560767796878721
15.206297396142968
6.298839576161551
18.44106428209382
18.80303830194502
16.43138370795196
9.794417320335011
23.467938993340717
17.88864648179629
29.47569107968371
18.587590064832366
6.524532764078935
16.56787841102899
21.248058895415358
24.50217891063143
32.491103201600126
10.911481113844408
21.158750468371974
30.954219242493615
23.20861131278008
18.82819012369387
22.769048041585766
18.749396100232982
26.562377128452276
28.464972895307678
11.157817563148857
18.24873192866755
17.052755779175918
12.260058341198537
13.69918652256031
33.68113498356265
7.577466967133486
10.682093974420424
27.015122440922042
28.427683905114343
16.099459447260994
29.702923375575164
24.676834156084812
15.680259205043559
17.99992825890081
25.070702225072715
31.160720368734403
32.98787728872838
27.562775664611706
16.082261257108197
25.431342415640096
18.07354025849927
27.821639856604705
3.98327225860631
22.25869598485112
18.399376474068163
8.835083626971764
20.877977563562528
26.76740551701838
14.421158433561775
16.57896861429205
5.333342803255548
32.74548357319561
27.831835399120546
30.492307582301773
13.176888781608689
30.839306476620983
7.333800764101447
6.8378982192846935
23.883819460462597
25.352818236433166
23.68339679036132
31.732890661986247
8.503539400092915
13.15600189727517
20.221802400680787
17.926217586008907
23.539114537319968
22.061728404155225
18.99242214037354
9.64998081716428
23.629445893605897
17.175000873942682
20.59081428133224
23.179163734674752
20.30274862818226
17.438605123618217
21.427924164323663
20.99277521586051
16.57923562196537
16.056869952700293
11.79642605831756
11.427149366865532
11.54660258376513
25.832664771998218
23.359855086685812
26.890827888541775
17.045514193775947
10.773792927027136
14.436945285232197
10.98419855167634
17.92495214409755
27.85376988703952
27.782798698758516
16.609562780239063
17.27109634968861
15.765654413745256
20.708972308809667
23.97723693484956
18.27218345152806
28.369852591626117
32.29247918234348
13.881236494204467
21.993944939205907
17.98937765158954
14.940173187356855
12.813926512892603
8.626907818255715
19.73622065280749
29.688778654775273
17.432126675470876
19.52163721044774
30.143694574233376
21.64340752347631
24.243612181847542
24.450961838551102
17.489812922903777
11.569230196770265
12.772083162336658
15.63874687110726
22.824413148461993
21.417916808661786
15.706624117018865
12.966573755074059
18.791532719757104
17.729180030096973
23.459733571520793
18.851178271843352
12.478487076528369
20.894504560510384
12.544704002803561
12.208653534122666
25.81661148757496
7.87663852035513
31.802821071268472
29.045680284878777
10.865603372779269
20.434651881994036
17.068652180558725
24.70347440605832
20.579029904420423
11.483406193163166
16.147891331054815
23.185547987977465
19.69277291042916
20.665468117224943
27.872859792980673
19.23522827014853
21.774706779313934
16.542945182589914
20.99544300108945
13.747657060181623
23.63299545666549
16.30533489346658
28.33387243643429
26.630301807719082
15.580191335731032
36.02425484843677
8.474675139569005
25.407353529546075
23.691639400749054
12.173904627367213
18.34464157771775
28.345459208006645
26.572464908689543
15.4729298706573
10.01755573434098
15.92063221464177
20.990366603923626
34.11220436903409
32.665438332810254
24.921187517712152
20.619611401844747
33.04351599491146
9.234488716175358
15.213798149733174
9.14796774663861
7.621542821950869
12.678988523101207
10.957231392529653
24.650364043504897
13.018918333445708
15.52242397350194
26.076197047643653
8.705724463867412
21.742382547068413
10.560421039519817
14.822451646984863
30.930238922717912
29.72203352490744
6.630079167846104
16.763097597972195
25.04194428776683
31.79941963209874
36.607588877820156
25.413361196444242
22.13582665087858
17.450559079930418
24.482442103417895
12.860265040640224
9.686987335549437
19.63219973459952
21.424791245905077
19.343675065530427
24.644536989513693
13.452219291947609
8.978252741526381
24.759992198992364
24.821428336345573
11.969572426400742
8.259497599205716
15.779666227444148
9.162827033277297
29.517641330600267
20.924054922005347
21.689840053550434
21.340731208046726
19.798926397500384
13.610132900800503
14.159061272084175
28.272575686451944
16.861441395455724
22.303693335828825
37.58471127751264
18.735864506939162
22.498333297706484
26.679097956041748
21.36025438224269
17.754677484413893
19.562858961225878
13.814532261948498
20.31687697104801
35.45273233462963
13.292435074402016
32.867643479669034
27.300803753778087
18.869959727716328
13.856397993817147
6.070595831215542
23.59537571555358
13.890978237321056
13.408265695618327
13.119782680343281
9.939039748368609
22.741616176254382
13.77245164255774
11.288365598554597
21.539648167547757
21.909755613147745
13.557217740930295
23.83946695082147
18.847013230391163
21.470563743764174
13.430298277127156
13.126265170014433
25.520486536211976
17.97470476778649
14.616726484993768
32.5072327549981
26.299857235794395
13.997135028576889
27.256763311513723
21.73284814600251
32.081064148085325
31.408158366239117
14.786377129774587
32.82050663645848
12.511026555842276
30.69435628706581
18.696691468179313
17.4591016963103
27.822801970325667
18.13317842807033
7.824451128836804
18.869697679605586
25.031438499246345
11.95884525897488
16.28208403980847
26.195553051454
13.62135876970818
23.645179814051428
21.360713237203264
23.510644990940083
18.136564410879945
28.444610054519874
6.829275520310884
6.934298602322678
26.91151021897101
21.63512856101161
11.9464210629495
22.43268085549781
12.6421988581904
25.73931415980619
18.214214732102896
12.701547626959208
16.92583340488981
18.771792672950063
18.479306176807732
10.772238733332868
18.43025278970069
29.990345618491197
16.49660417115352
20.83946262970307
28.99319144849702
36.96752085482787
13.443214272727825
29.159736976371615
8.018187100149314
26.381164141692178
14.107145736430494
20.735771195211367
25.66392935847705
21.34693186793539
14.297262311028776
13.73857433547237
34.72049806690137
20.954257251173274
18.107374909798057
17.53653660846461
30.529899598211298
20.335953957110842
34.81437355607319
18.53192684947868
8.152857214485879
16.209421235357134
29.466806637440914
11.015941914775498
27.198980558202475
29.404479718841916
14.845597800359329
21.62312664183079
6.666430388354651
16.129656317773005
15.498021262930228
8.513377476693496
15.782353762628006
12.859735539110215
13.946690045333098
11.830942944472586
20.225522047011797
34.41009893644032
5.333757576807711
24.510050333102058
16.509654472877088
25.943025917543657
16.46016046442344
27.17104712483289
29.21878857851933
27.58032539235516
15.117758790949305
20.85984550048696
30.70005654241502
20.90200982947209
21.33560689860956
10.964619783780401
19.949984437383698
15.015339379077789
18.942192641685974
28.214860236393566
28.726999487460276
17.766195974557508
23.028698540753144
10.51262931741569
22.825039358056557
18.378276170328654
28.753645982483224
9.756129433972967
16.67335496727243
6.646516322383363
24.015914038334845
22.40957340139357
23.0093050846485
17.778020754183117
11.840811973189092
