23.11810481110326
12.508620747779387
14.057736181763547
17.787215517666336
18.394933912210305
23.34563330755995
20.84310532613888
16.761033924779873
5.0164898971725895
17.917946482188583
18.840855088537307
27.239400624068132
10.074413434863683
7.2181963201713675
18.834897110012797
12.833077284587564
15.414956625460128
12.026191387363856
5.395829584761665
12.583187169674416
24.249140670452924
20.476280239121117
17.64173527303352
27.127195948267328
5.312445347299718
20.488281924450188
29.10406326911983
11.014411448081507
18.460872032861158
14.854600637367838
18.487472784203018
23.783889591437344
5.504133996232659
16.222043734726455
18.86812830022559
19.540507780311593
17.046059361219463
26.389037155618784
12.351598825928095
17.705218720728123
22.490194947444383
16.166365534975526
15.52115379341068
35.004226323060315
14.449872874076492
8.805211683730333
6.4121870372099705
12.442133256456273
22.264161969142265
27.910638770662974
20.28765469421627
13.712247809994683
24.620683338494306
25.898660138226074
4.675918659633313
20.182731932861252
27.533664812699882
21.745747370556458
26.743924171255706
24.585944139891957
18.970985275344464
23.1750219970415
9.163219309105434
22.549033663323595
7.098829594729889
14.862595009511628
20.57652006492178
19.320532790356637
6.8344290692414775
18.64331420467027
5.754172998017429
9.0477568555757
14.705952083382877
13.065579662461996
30.266546590411853
13.023748853302704
15.242753319487933
20.57165606590881
20.31153152832965
14.592543681952243
27.87632966218124
23.847128369521233
15.698973869692663
22.999067152192318
4.032839898197489
13.68796253712621
4.810476197564293
11.95762374078449
18.908005679183052
13.928970945257547
8.751072922540006
21.6913800103007
7.925711723831556
11.425088046062013
27.446207940461907
19.646176254758196
15.552910577575917
20.503508134534286
15.751119423881262
15.211906809036055
11.590060222404153
13.50120864585801
8.007130388949168
13.302155792051266
11.437651170890852
34.40587655510779
7.078342969995326
16.98950768985313
24.288338308290857
11.071284034053589
14.91369064635678
24.319500843039812
20.46013128096832
10.9063026327117
18.691937412382366
14.866824368042984
21.30851140213726
17.141944408504816
34.13975077896434
20.23009198921062
9.041602886194648
25.083325267305057
17.512412740441178
10.1643620961904
8.040640518667011
19.527465963114253
15.340386157473247
19.716435573390076
14.18740590897037
19.75307087608229
11.672517510920946
19.76216614068838
13.18209219161655
11.746249026040735
17.923508230766778
27.670302454573775
20.638776392212193
20.235888014337718
19.40059598886781
15.71915552680143
22.84087529781546
10.361853233597982
23.79330979733149
12.993050635887377
9.081950287840181
16.828307685825152
9.828969853903025
17.32896501004409
25.547121402906306
30.63062022379461
8.747619974607652
20.79824238179545
28.760919544942084
18.80071431477799
20.961724342866273
9.440201197166134
12.011816414670317
28.31741044656494
16.807199165979736
25.077722140779137
18.939687606033637
18.97611740052486
18.860281643494524
15.814802091412
24.11035313237099
17.176082652004695
25.59166035030843
17.65325547986692
16.56266114444864
21.852936961999394
22.820621734761342
14.36720998801887
17.416789129387908
28.018605408862328
21.16624966451494
17.99117538169155
20.96751718365349
26.492475370327274
22.56591506338426
27.825390512914172
12.38587326256045
8.396779827355221
6.50887637079502
14.504043259952775
27.640016712607938
25.5580979954894
27.701758912684827
13.061645153565626
3.8689339251361785
9.232367335313022
23.24197548338548
12.356454676149971
17.107900555642374
32.76749356288464
17.65231596022533
16.136101928225013
18.542270959110745
21.042242680735477
10.860652893252569
19.21726789203231
22.625964207187874
27.045985257304523
16.925718471752294
21.624127363277196
10.784682545029957
13.095240690856935
17.274293924140096
9.875125850321574
19.02596489621718
5.456269332493645
11.031224554726505
17.26807636562624
27.438769765902993
23.858328478233393
10.713474449502366
17.49094845745764
10.858635597873022
21.68548968528657
10.836419468017006
26.699274542154367
21.48361746577674
4.097700945890448
32.44050568034023
22.71245288205562
19.622018862276366
15.206309228544859
8.307009812154163
6.096616121157964
14.750481115904647
14.272576948357711
21.52157907015192
6.965352928584129
21.485723305280427
16.349606656032275
18.056547189708333
10.778224264738814
38.38062132422764
3.4591753905466285
8.91133752106989
30.58236300616087
13.132460343165372
25.8696558751317
19.565593657036082
26.24956933008123
9.402987805710632
21.505865409654117
25.705685490478626
11.5048277654989
13.505071374283725
14.683766964923315
15.991757409173665
12.105105778959341
35.91112460445074
20.018915428638586
23.42196911790468
19.75229676548842
17.974908867706247
31.784898727117238
22.350303512489205
8.698831666732284
30.036204886248747
27.271971689241912
13.479790883738486
4.319109107935196
25.244463033319633
35.08855486345011
33.048709241458546
22.632814615616308
18.686441102552354
19.08262546683268
28.737729871925744
22.075392594651518
26.779169978960258
18.428721937665227
23.813874534714166
12.921996615482268
26.72190022920497
18.520817529564365
14.69408130463437
21.21168766450663
24.778944487478338
7.1390269590299935
25.772097861082848
21.32301904512944
20.582147776934498
17.09395353289645
10.8676967264853
9.414594240259182
14.099087350530931
12.945692346240216
10.199784235788584
10.884112594724945
9.831014210884224
9.840343768009262
11.586832161141816
5.348446184424849
11.033881771860262
16.139739449897565
6.335962613915825
10.021570995155535
11.272144821884627
15.634220288687109
4.951211580028173
6.011127130746622
7.076956345769822
24.14265457355507
19.910581098662103
15.781195572046137
15.296314246582856
10.935115045152708
7.0889357394617845
9.325833586171028
3.991510689209319
23.74017529323983
13.124016639587865
12.094140874036125
8.975973839573811
10.66129400565472
10.261289316076379
6.327873327659109
12.558321143018425
10.253670374360764
8.725542111843387
18.210202387065973
26.232214399875037
10.651935508021106
17.322659711102933
21.619404597131446
8.966761422480788
20.024160161581904
20.829202179662616
18.471125142170422
17.111523885002697
12.418570652951928
16.727077071655067
8.732948533585393
14.183205239362659
10.153261188862354
14.820882462281443
4.337383602559951
21.546644094799607
16.690501276429522
18.332639670675288
12.481986617768948
20.190852615594096
13.964236235396339
16.940292324864327
21.229744795713174
40.064546831369285
34.208944746522704
3.15177693975856
17.48555868227776
12.989907740686482
26.97175391835734
14.35235383056114
4.783873733153309
11.576907022306772
12.593238874557729
12.118837039706436
23.00948340328879
9.873833767275535
5.683054153312751
19.033513778024627
18.242979142380296
19.717282324049844
6.996809334602021
21.970855034568693
24.564163315140867
9.982666164120579
24.96737088482356
18.976115385539828
14.701193922986164
17.215091478089168
29.460473912375264
10.362690094935283
11.214880162524587
17.657880280089998
26.30018789656909
15.146637127811479
5.84387021553621
20.8893157904407
18.186804786341547
24.016793673887864
14.648814231455367
19.86128756749789
22.55666906718803
16.276060781667017
13.280554422835392
15.468485438739101
22.36272029233094
10.522250035456937
7.177588293770387
13.730698036157786
12.83468516134809
23.414241086010485
21.924206997039896
14.781187558231782
18.428597739053675
9.114851409455824
10.046081039416226
25.366169385719747
9.919415722587539
34.00103021496747
18.301708581222314
13.137747009608347
14.955216526159877
14.420293320717972
17.903834399664117
22.008560874816975
10.166359032501576
15.922225911010752
12.476135544076525
22.624822955540942
9.125253881349046
15.509799796866368
26.896970379366
16.200488805234453
9.57323233820056
37.14967933198648
19.123521754792673
6.534547290789427
15.370551104312307
12.272136395342812
18.813366277492367
13.437463877633459
15.905535492778126
10.201467874637595
23.54702585595149
21.33315389297978
13.579705438126743
19.569143575124865
11.33552855814536
10.231037403103217
6.163297062809272
25.725125655428297
34.52201211438416
15.737198624839479
19.60702711545992
19.05404263947185
9.65807239009975
20.052570183154625
5.810889621346219
7.321695434351
26.27413344606152
19.8953956798222
13.747195020417148
8.919232083843047
23.083611231217137
25.78977328206179
17.76472446604862
26.659924338790216
23.59343296775244
15.542384395555302
10.317149668712416
18.487917757224267
5.911914100002938
13.347953954550492
11.190373535284392
7.398714711143368
6.788042170335377
19.508469724112793
29.272852828366236
8.647091074022216
20.242124058613335
25.696228523999896
29.20299151868671
10.825802081449408
10.092391422280192
31.163662409324406
16.745586486544305
34.8973589313425
18.932459688156953
21.941200775135837
22.575381812107423
16.545439847486534
15.15341417305464
18.81438004848947
14.423606380303262
16.975443534932722
3.9684088833453397
11.847152089993697
6.467213034063717
16.831492650371068
21.95309911343935
12.69409401630898
37.069600591791136
20.874514515510786
9.93487646473519
23.791359442702387
24.00290861648676
13.89251082457728
18.178485586014993
14.03232749876587
30.18472296085334
20.055175777829913
19.67141493705727
16.208180936175545
11.670670478017984
16.815394251963937
4.77139233007562
16.52462811645398
25.93989525822966
8.015632271107082
18.604246318190043
4.457082134532454
10.657979561885245
21.871932877307916
18.796926056969713
23.69060872028852
24.227789634948643
21.594973070552314
20.134992105539755
5.596788438884363
9.327386319714181
15.505660656276207
20.704577871315493
24.25138031435633
18.213414983724622
24.812482347979014
24.369801443913126
30.352907308184935
18.85198776403914
15.425553741205253
8.26437762073717
25.181890677720865
31.83419271443334
10.475713827511983
21.00701000068267
16.700984345502842
13.400261988124708
9.394931800254332
12.071508721608339
9.229536346218756
9.113490266944801
4.2733406351024845
30.7519030399412
19.924254406431505
10.259441691554583
18.493332749821974
8.050648999887192
11.539844045659201
27.010533225746062
12.158754008564832
13.053051890519665
27.52513302236507
25.532023636686617
23.701008110863217
15.694762550658856
9.920547779771612
15.096521494205595
21.703910529919007
25.18155574397206
24.401780089254615
18.08730732766892
27.181782236290726
9.654545299348035
12.10765280387547
19.505424789247435
14.318771559830779
8.938079476720986
11.874465745948779
25.757777693603387
12.180864351004413
9.913165698565814
20.45326832785105
8.85396202768405
19.16555814644302
11.934594157328252
26.213275680546825
25.815295617928196
17.242696939630964
17.288184459347967
10.977331018971078
9.624774046106745
10.547737164251053
17.959055714865986
24.773400881967397
14.659117598415587
15.669365250985678
16.0806966958112
8.729460013196523
32.48303515604738
23.642940144938304
23.50839915807713
26.29927672659606
12.392985165051474
19.08301382123846
18.31436013254362
7.695124104663421
13.347176159308791
32.38817697365012
25.343217911921016
30.0504790126198
14.884511054558926
17.751296648242537
15.858291956999473
26.960176880909497
10.91309475235848
6.577962342975846
9.145111028562061
13.583156215386573
22.68190800726408
11.473951521551477
11.777301076155185
17.163062655736255
19.391334719881346
12.7569914506805
16.381591175416798
12.562399735575182
22.64661139883421
15.626891663124038
23.228670670111605
16.69525261529496
9.804843335449673
16.48692782677514
22.96848126795274
16.83383335000831
17.103883210756234
19.7576136391557
20.99999828880975
23.718539286868936
24.69135185187795
16.063935801144527
24.853944098287634
18.72662482467437
16.24663994571662
28.341484323678337
17.580717075211652
13.960899569445287
15.948469512163832
13.281176042667742
3.9682424726147474
14.803076396886745
18.040720281563445
19.478527002783032
13.361904020907502
13.815098271198542
17.00696645775378
19.098729472059713
12.058597387400896
16.506608318832413
17.361269410420114
15.31259186113002
23.48342410336405
12.425645795060326
31.21453519316995
20.20166050894856
15.327888157237666
9.059722575592811
10.66719323189658
10.557512515688135
17.363101220306365
13.158133885777188
14.591915097255098
17.725848331351358
29.80285325105756
16.668669395797693
18.913068389634244
36.661992989763384
25.66069560508724
20.271228468808264
8.640534316323588
20.379035691578984
20.59416858952377
26.210127429977728
8.994415792018746
14.838630740868469
12.026595603939867
17.327166759348778
17.929804152498036
10.557940292373017
13.542628868813198
28.89266472870174
9.863467658759498
8.245511961631498
11.784014090543858
6.8220722261574895
6.70506338861814
29.251154462064395
19.612057885143244
22.68733071222866
14.18400521516549
17.526533130506447
13.219123906773243
17.400084146765064
9.371658676269488
24.521481162433982
11.849986007815033
29.037173403744124
16.47142336795115
8.735389681314665
32.09800792317288
12.333190028388598
20.345020151303665
14.295779176542737
14.311855181004441
15.560926607952974
24.454951463022944
15.099550458131567
8.83867789339444
12.821197548543651
15.638125035174628
12.551782089662124
27.179894567971214
20.088068500927875
16.322613430593194
20.715943500038023
6.55196208321526
18.619606521571562
22.325719600398532
19.931487241002728
25.89851409250336
11.095690965093379
22.175212550269706
26.383879437211245
10.819985423690788
4.946820659484534
19.697719762035653
17.153991663766256
22.122276675860977
9.648154249576995
10.874823123336123
39.74269698014431
12.868466133514318
5.037467934991965
11.132955314503077
16.771285089953807
17.031005480583588
18.241769502681468
12.034178041849648
14.37977820247664
12.382025305730117
25.85646711288876
24.840862481773847
23.419011548383576
8.089480408637666
17.3297949738924
14.064519148029452
21.211906348947682
12.317330883664924
14.879696496738315
17.281958009819242
12.34174639147818
12.980731597573957
30.945869969158508
22.039120790697353
19.09916980907396
12.768198041515669
15.903839511851617
25.177784582427556
11.563540733486933
11.223555482678332
17.628972436220295
33.41889778147498
16.31701746120931
21.134476937531556
12.698647016422482
16.26222512399969
15.969359847920485
4.497632681771472
23.668409839142758
19.768043063588372
4.059147542664656
21.884618681593828
28.663194717793324
23.00154227351378
13.231562509470232
16.88603230538381
13.902616289384573
19.30127602754537
14.94729836109917
20.43352522640188
12.278531523430544
13.296570401113339
7.431521697483382
6.0195644829870165
4.650979032079853
9.431924320225916
15.84847816175441
25.033581475043686
13.162589999446682
10.281573532724476
4.387084043098288
12.095045308447835
5.1130106650011395
14.838649420468496
12.801396162128684
12.443168818645477
14.76764469202884
31.566724152618775
19.151742648687303
21.589553090253833
16.259271855404506
15.319604472103322
21.716961997731758
21.80166119567992
21.0715251998121
18.404718425293392
7.636696505905044
20.111142796249712
33.526302765132314
21.68098777938626
9.5994684802964
11.778372430323124
21.846960215145405
19.394936491547078
19.547931094209744
15.974268981363604
24.369220656491674
16.85251050871133
30.230440197965226
25.508259567338285
11.668995887875996
36.473868526094215
6.217567851362382
17.495555267084804
20.084909384902
18.278191028714815
14.2855620351144
11.370936045623363
11.121162418283244
9.02232874747914
13.660854344896512
10.263221321957827
17.898000450799707
26.255181814604768
24.52800477576562
12.923428969250441
27.92285188481612
15.888743711453213
5.9749483373147125
10.543598310318375
13.820224459126479
19.211861889697154
12.883189957117121
19.817368499404193
16.615424639925617
24.144725739661382
18.148836741763024
22.198751240866557
10.193588826662857
10.62220780510504
8.315991943079922
12.892011252831608
12.351242305806574
17.812594996525828
19.784523865609113
21.185645152760344
16.063903049021782
19.41563202869985
15.451390273597287
8.870675121197332
9.456177430923116
22.827512083930507
22.127150484035763
23.92073206562164
21.40494847571961
6.492858994800389
19.459847013296585
13.43782454158914
14.102516663392784
14.430303916241183
10.446448371421512
27.52028978607412
8.569630925882255
18.233470279510442
14.392084312112113
23.543836325433737
22.346644899607963
23.517324376950807
20.875081044833752
16.290880531591192
14.254964729269496
25.542833297492326
22.843640637747857
17.559332418356316
14.919982957396995
12.84542764460198
16.935593367136956
27.4292458312834
11.102913423062155
4.561565609130882
10.41653204711899
18.072445279262883
7.379199627117649
10.698306197316164
26.645790713124658
22.307975884847195
5.874988921692657
21.88386417289198
18.91290255609944
22.19346455121052
27.891864432463343
21.571847217026992
23.2179082894671
17.822243227302938
28.68744555847127
27.92567858450741
24.65432559949867
14.85266398022956
9.218961733060313
23.697887621668745
14.533241015067476
19.622582144427305
13.094492564292922
15.735096745254957
20.60306668798845
8.498824114622103
27.9248637243521
17.162641251268635
16.957687442643053
17.86263026352526
21.47575223161843
19.531117894830825
29.733591935650047
16.875570438832565
17.58517495991995
22.46622155260268
20.646487090497253
19.50399601538115
14.29763676199338
17.5367561069418
18.321877729129206
9.255487832241103
20.96865076621034
12.682685978964685
26.60084562952682
14.958667693825713
7.737768587496681
17.94729428518913
25.114253013126003
25.448543682175067
15.25123615583959
9.264045186719693
8.390288902672609
6.97243881539428
10.16187108596065
17.48794237955961
29.78149938439734
16.692981084251567
9.952797859031245
5.5419736990960455
24.68595693317769
16.129341914767288
13.54364037283264
23.843630847938993
12.265378534887361
30.285800083803878
17.59011004232333
22.86655000654144
17.038759630336827
15.09298525319217
13.482865571283865
13.227785299384278
13.313021052343844
13.46373254640239
34.655702798980826
10.970047762715005
6.076855045088127
18.704246558313823
28.325965380762653
12.092519029331433
22.07276728814607
21.446629728192494
19.699771913393835
25.440182809154766
29.058891409091746
12.725216711594953
32.02067043229744
23.997506776156516
6.086956528864234
19.421352911391793
7.36034435079733
21.96389348832589
12.044768823959144
25.914246950985603
38.464786106392005
22.157521847882
22.458978031135956
12.236877206414047
21.190923608260384
33.316496414894466
10.665661737237407
16.89468166968194
12.421878614150774
12.203653860172796
18.67369656328704
14.470907675346325
13.582410128529697
19.904027723036123
16.730284856010506
32.2434022902468
26.444859249034675
20.277124745632616
26.80114946111604
22.083210862935033
7.262158910051328
19.42971941080963
20.44276078766664
18.010360824355093
7.92276810683275
17.733087703809986
11.128660576542691
5.187856219106218
22.405451970892955
36.66972057746958
21.714174585407097
33.091599618770644
16.400261134926385
16.560295921887214
16.260644716997405
18.080021222235597
17.543895956394717
12.013052211983213
28.4132539439469
26.891976391990926
17.150311183528583
21.753686781289673
21.837323214075266
14.188544153672854
23.324388332844567
8.777040012228198
17.242024773289717
20.57704087752505
13.46512365021626
25.800027197946697
14.639273453568284
12.011947231545063
19.386168880033548
19.10341753479432
8.58396472483934
20.898629854199143
12.987304839734229
27.303489871575916
26.831902696418027
16.00227749553192
18.860051644254806
13.9329543957654
13.724554921738948
9.58551336859389
19.706026033198242
18.1778085534086
22.144144007434168
18.06738232504452
18.05264314505337
13.721870012375536
16.92904977729553
20.272488942627284
19.52395232400285
17.70275828684489
17.900905497185253
15.755879643600467
12.221479607676255
16.647634732244896
14.877635484010142
18.430853883997873
14.3325015865576
14.585357140293427
11.941548843865663
22.214538979488157
26.56907249791793
12.955937109779871
29.18065716587871
24.695395945646638
12.286036205802262
18.941906145316263
11.404928959968409
27.513011402297888
15.051615760113947
12.193005143430167
14.869381819782854
30.520370086623625
25.88147561077035
9.976735683954383
18.101649621888907
15.138121157777592
9.126421744180659
7.035430568450928
5.856992867318259
20.542751218429473
21.018890436886966
24.14381085376675
18.104135759766734
19.665918539255426
20.5901790524921
13.86700559609672
24.435664527584446
9.591217251083544
17.77849352291038
13.634458718114475
17.10214879943636
16.491325059382085
7.583591836169807
16.560859431996008
21.791826845383635
21.59007501424761
6.686923695923675
23.38790317116208
20.297344753057274
25.481561593620416
30.70610979502885
26.978842718732277
9.372347500039176
11.996553788154241
5.9356661056843345
20.043606872321668
14.725686754268098
17.23500305487481
22.68969343865344
12.529352522397637
11.559141470113905
7.829526634396253
13.170113367912256
14.512646654045435
13.241332844047538
24.024531972623024
21.50423361542536
27.36831644496843
15.766804171429971
10.92426505444084
15.339159680821773
13.823516913023909
15.852234060791154
14.394947430030184
13.404279634418147
27.791864931142833
19.502224939159834
15.040147492133492
19.798028220301575
10.919011304587114
9.7485091616349
25.93882526292796
13.587639785334392
16.898129664769215
16.779820035583985
9.103135539974096
18.172277730644776
35.228911374316205
17.136282157934314
7.967941273880223
39.61048283002989
17.31543564142187
11.95585324187042
21.592141532134328
33.962211347746404
13.466206657163239
21.128408147725068
34.26016574228621
30.667326882414194
20.632687951216404
28.06735295407768
20.31356898426497
21.891350057689056
22.300440902513675
18.400486851946862
25.113657963642293
25.03169312827634
15.566909188048252
10.311611357186077
10.481862527630188
22.199320932773908
17.28609910135451
27.77071636251723
35.474228502478944
16.9322560748118
32.26113910397568
26.94937116069249
23.781669505292275
11.86767024812082
15.103269231193096
17.452354671016177
11.291698491887892
18.45187627985763
8.784746405709836
16.750811419807512
17.59850062014198
21.453872147805015
12.57454380657813
10.610295329738873
16.914634407145368
16.6968586952846
24.41265444527999
27.221008203028557
20.70348311125098
16.02167700398228
8.16792225363383
13.074179443765788
15.171473605185714
17.89213588757535
19.476560119160276
12.475680513801626
33.83860774231419
12.878656749583213
9.830053552593276
8.821700301818783
11.288086097103823
15.664265954007428
8.677069905692576
5.961419711831499
19.903400132676015
11.669222945597367
11.332556067246086
15.904640231643572
20.54415394086384
21.100512538444306
21.746369246526374
14.993747966576706
30.38514293517717
29.629492513679637
13.788911069550984
19.075004034274908
28.720829238477332
3.22669419768059
18.75233344053597
11.365608832221621
9.7477510832995
19.33473355960402
19.111449648654116
16.310987373029132
20.31570577485727
17.388324722359066
18.39713549189579
13.536605850832307
19.193712136377734
11.699836635587795
19.51168964482776
10.930063933650196
9.658662614477556
8.463075176527457
10.018614473801694
11.68374407696453
13.708530915489517
14.036403371272481
22.36475808892559
22.445840634560756
13.725557918339327
16.778531750121353
10.599781912880902
20.79044457103401
11.15131817614339
14.789218189415843
24.791450944418475
10.55686468090842
16.759186285100153
12.600206534460478
31.423615271083502
10.69332446374256
11.209190012688211
12.544184582083497
21.973037346638506
12.981918182774095
15.432500800078452
28.920612241836608
21.131845860443413
24.175505647589045
11.17829824818869
13.298696770377088
11.835008126336282
8.891827214206803
19.663275334054344
26.13056986955574
15.419191380671727
12.187389016171053
15.682420048797134
6.075778098045096
11.582532453749815
17.89843570547678
19.431216322221264
22.831921407159545
9.19182604100987
18.738700223983397
6.414504988765861
12.245741985543745
15.272979680234624
10.224733558224079
20.922404086125894
21.24318818456774
34.110261929413966
9.102511198329298
10.373377920482783
20.208154116905582
34.574954795416865
12.21239512271298
8.007298936137781
15.170144430664298
18.442633123381558
20.730062149507408
13.471712940733147
21.066281466359555
8.872642755315914
26.696056148601702
15.16639659194255
25.945586364899178
17.251289071377485
17.2111721475493
21.202662655660397
24.19716962086221
11.57644244566913
11.497590652661179
27.77393602906702
30.300079565295707
12.63281068249162
30.792742058550317
12.670324996572392
18.122072856183124
9.716912410785614
26.311280347378776
5.482830932066361
16.402954886107015
21.530061981805396
9.114749374815553
21.2249415595281
21.48995796296541
24.558076189471358
21.03546917435219
24.723700070377557
22.513025772943802
12.50969404973302
23.501769843206667
17.008045726214057
19.441845907661328
15.340611834445527
28.09509764147121
13.586431531866353
17.18734574467879
15.864989198801247
17.682548854110358
12.815584872939187
10.73460512912821
15.91536168988236
26.884356966227134
4.486633912569706
5.782126084912844
25.30896546632924
12.460882878557657
27.4852287966195
10.79005672750751
9.183689845443435
11.033146840305951
15.545291489881757
23.359777634603816
11.167601321514548
18.141399370105717
7.3807565973424625
11.298002707218638
9.262422822870338
28.66076931003983
11.385229718866833
20.371938327598283
14.669180965258054
16.235259311575344
15.86995161582657
15.376140359163644
10.966183750804369
14.615259019036555
11.050359321028816
32.70602206863215
30.895135217568626
8.653510609366904
19.38922110236441
23.2923054319459
20.004509174721342
21.1036926654507
7.060590957408603
28.759024547057304
14.915365119584498
18.786073834222
24.356805500065633
9.707793558051954
25.93028151240973
15.40646750471347
21.296005554661775
11.966834771086674
21.1150396765745
14.756189922398606
21.29821581109194
13.582429318760754
30.79626185582239
7.788653396042627
15.582899979386958
18.277504282219077
19.74669038675549
21.540462611818512
32.9860746340025
13.6784693191993
11.084703429917855
17.8862981779988
16.187199341075274
14.18545903793873
21.738019208320832
25.575482180818344
29.549168955811258
10.296156926881533
19.210400006267218
23.804083215295996
8.322598981425097
8.013656511226191
8.501955974053276
7.968102532414625
14.038292294196442
14.63397617804039
14.690111350834776
23.80551653509238
32.1982408625818
12.897806744774789
24.00797944488494
8.781891299066457
15.285170054357124
16.278001944967535
19.032968811317456
14.309598397106894
12.180943344432945
10.904603837641613
15.29759879867378
23.502376830421934
6.024262052763275
20.51108818346213
21.00258764319309
9.84025461837202
14.979081551417245
19.35991138121104
27.991632216758973
23.546468957934554
23.73062324904631
22.585481586644825
16.866850844335737
21.031481471398102
14.089987733554654
18.98449284208107
20.059827443337056
25.875678808858673
13.292232634022486
20.402021684152302
24.100781378889852
28.239137459145702
8.728179856139116
20.577352905391127
14.99330757862145
23.305842964723123
22.995368166648216
10.260958561413585
9.041355766902914
11.839813284051386
18.406138234082427
22.136999213656722
23.56003883168439
18.10621962471536
17.386526558797907
19.620159493839843
27.532547157839037
5.829500514764488
18.78780569834436
13.866720757445377
9.093253408011218
9.836884335070645
16.71677679693458
11.526893826857403
20.545277183545046
19.734510423590766
22.667953008239206
11.406749584376353
10.706887190609622
25.721220925052066
21.475520118271874
26.51429312032862
12.79515921696847
15.695982076242075
19.49986623592165
9.561394787080378
12.910714620186706
13.843930132699288
22.948028886023227
6.833089266915607
13.300111208736356
13.334404513913178
15.25061875886527
15.072844628715487
15.49563322819982
19.30909675742062
18.87688077002666
19.400686007642715
18.97663783836242
11.61108384218122
17.86998419727106
6.3519086120133705
20.16019698567784
22.65455646244038
13.610928265637197
13.693653914977196
30.033391006584836
27.701303167550776
15.489845061579379
10.586293064349988
20.502480343713504
10.882896391338997
19.772127382618653
18.639113699713658
28.692653500785177
13.872852918467636
19.921696596627385
