17.729683023047016
18.17791939609403
11.408761803722882
25.48875321020625
20.180508238985276
24.191141884158373
35.51848784994801
16.06782265400991
20.53420620942415
23.262077589536144
15.354719414956435
32.92403694200274
30.660697277808644
8.507013679241172
19.72060079772012
28.719594369769116
4.304383946412145
14.775374865009042
18.073648131988172
25.489802506475964
18.894400084878455
30.458243026112022
23.55252312839608
30.186681915678292
18.35357706638657
12.585883499902359
22.125972073009933
22.77981094146251
16.073957294055788
6.401162971885602
21.363782644152117
14.859777188532908
30.67165163699117
20.765207644500823
9.648839931513377
12.267321414962849
22.672770570105662
21.030090940096002
21.712506981889323
13.595019042000297
38.33261470425125
16.120881072383987
26.10545223353292
24.41096137866143
25.36419347921345
23.728513303991402
16.538822786551897
16.943833330738812
30.85957674107394
37.778448333136986
13.837427190939037
26.481377972085742
29.77118012846567
23.34958943879438
25.07381104927539
22.388053392946308
19.12740879133951
24.68676784863537
30.68803566497945
29.86323300680384
14.290703327278202
11.358751865398771
27.014572013367594
10.060604234526004
20.025133790244855
15.404452275069374
27.597310755006827
13.833135692028991
22.603718511020382
15.396368742919991
17.635947230392297
34.723752121263125
27.163457454642696
30.491292694163192
24.829684513444658
25.65454209631602
11.889843206192953
29.64349620700629
14.659013865114629
14.829311012896868
22.473484716590193
25.86549999827333
32.944425087162976
16.227996265179705
12.695088231719266
28.57352893894791
19.097831861952937
29.139412352669723
23.74339984388819
17.824444016257996
21.29372681753789
12.072403722682985
30.13511414121812
12.84178410916886
12.799171707331542
28.32843696130143
30.371307451280295
31.561372729291783
9.76800906299282
22.402788115676756
11.82566437582511
27.23089984714716
30.031565388322623
39.20613860568281
6.059761620472272
21.845843075352057
15.317002900902212
28.07736639254154
13.859769363189983
12.666423838722732
22.01085157368267
29.348972403302547
24.952207993846056
10.38011126982219
11.139277540064754
11.952471523583977
25.752832113337746
12.765865074714894
23.252515725124745
13.325345306426044
9.465700232488981
17.156064723749424
36.25636902342016
20.758912809487185
12.021685418873053
14.289557263028591
17.41228260040976
20.989604251189565
21.73359137637211
16.12918340148351
37.87848999326873
13.739821792111425
30.764584081462168
23.26030692133894
32.27416653876132
31.543806813260275
19.546014240211917
18.54130889817952
9.335159097297343
23.505245010845
20.566775527410037
36.760943240459284
35.75560535560872
19.3906588190684
9.098550725647067
17.595986516033136
25.28095689525946
17.274462719961846
27.16283862616486
26.831875679383508
19.947755759229494
24.254074900099525
22.784309094874875
10.491198759536632
10.513905006732003
23.882745320480648
18.2468437305349
9.477171821910343
25.335946268515844
24.42513054075367
15.468108822201227
22.60652981788562
10.742957532363722
35.54341880626893
26.635182846847364
26.0554082695414
31.662705562754766
14.503714830745446
34.257046927333164
18.2780288587033
18.50305310298325
12.611973122743537
9.138245920702914
29.775256431167254
13.87032766442614
14.804197353112608
39.03877816842731
24.804225826654722
28.57477351893753
18.220714016408643
31.37997356844013
15.665884082493045
28.33994781132283
16.59102456634389
26.933427244475826
11.709833651639805
19.77233077194741
29.61292585566947
22.43644531061313
25.188742272466364
32.942012450449894
23.620378411604197
28.441423500185063
7.701521703306036
36.93579317874046
18.84502987155118
16.866865358129807
23.667792230481364
21.246963332435843
17.746981379157997
19.234664930755752
18.57920764547998
19.09526508917184
20.471802985665747
24.89892577457251
20.310088516486264
25.738718852992694
20.478520810033682
21.34227662412747
25.55595202497295
25.213022727366702
26.879121894575306
27.141442947886954
15.24621588085013
29.628397979112897
24.762114424207848
23.104221561298168
32.26184288669285
26.73147515125205
14.78797487833057
39.777482553951955
40.651696401362194
9.408239529204346
18.945971421945707
19.67507025701498
16.820880318178514
26.463730153007553
20.43472370490239
30.955337690164658
31.109732863209416
21.950796319163054
28.81336377033043
6.668870609971551
14.218181318776011
14.260849286944534
14.602260972242277
13.933333559279628
19.048883927092046
14.322793048594983
23.73811923713537
16.45720598562483
11.187502076108059
41.11161043393046
19.98153728519109
8.109526361202077
38.224106641308744
21.385522582329358
16.043071170686098
37.18454100918471
28.57322405686288
11.642803229881768
30.63751127162476
25.51236618730934
22.02680740097698
23.738380729026925
19.36553984508587
27.788008971891532
23.1992124533418
13.790818270243866
31.792685992145497
13.734620694558405
18.755145654607368
14.85496379555352
27.75796979293432
22.636418372635948
12.706308654183994
17.407717016026314
22.43406863623204
19.207073019202888
16.38997764686658
37.9000672148919
24.84734881024866
36.25242141191637
14.33349205828345
26.340567596769187
19.42641913735588
32.00343803297487
11.220908111256326
29.118114544944532
30.238931124265772
8.923077812605126
20.19321471914637
20.063303783320016
13.227239821176735
14.98264974790663
30.127784174228953
8.895071008456895
9.739729175531629
17.27117799484553
16.58564901333015
11.634608782974059
23.6352949667851
32.983594276390974
33.93431134408395
24.226085310498917
10.071359696817366
27.567119208405156
10.60340184890636
14.107859781364878
32.21713165822295
17.934807820695447
20.75875205103981
19.870931140562895
22.297432434187318
26.916029395609513
32.15942290616161
19.502582311497292
31.889753018601912
7.193875201530855
18.61035868329362
21.22650463560394
24.601686475276793
32.924531465352246
19.163323553037973
22.160616613474673
25.4610960750386
31.88037841160447
11.378829170250246
18.740874045666384
23.87679458663074
28.282866822674865
28.893919398427293
14.03744024577358
16.772147752961256
19.496686457016583
10.213618957867322
14.260365729455911
18.410224393487912
29.999612361062827
32.12712203157031
33.03419127165581
21.281111826314426
27.24140472243551
14.114363606927611
26.863278534174007
18.463464927811795
23.901773868082174
17.32543182237088
32.74921646307297
15.47226745466805
26.338909815977722
20.55775451273988
13.091431358741152
11.236987712760772
20.794072740283887
9.42582403233772
21.571834903215876
20.40226849072225
15.835573994457938
28.71652199465099
33.27857055512213
16.612732001712843
16.888414752940008
20.801001911704876
18.860795640293105
18.12006446458298
19.654508160971307
21.592558367468094
12.29553952010067
15.821676842649298
14.096316570774082
15.768571120511623
26.638934038877057
17.669961078182613
14.113212204423395
18.26964412789347
17.26267935947864
36.136044350127655
22.163177698393444
23.627884762352522
12.282784265190214
18.843779623343462
21.784484119971378
13.802310930293906
15.422862273580776
30.04346693515859
28.863037485225043
13.690522411073657
25.0582218703694
20.860713418291652
13.403799516454152
29.32280260606389
31.344724492819832
21.87977946066105
22.35829248280597
28.659028805534348
28.030851582545413
13.264939850419383
21.215187351347744
15.79219619477338
28.18754357032415
19.956687359659742
17.081310020418595
20.433990053664516
17.09005853724013
22.064165947648263
14.128264695171461
32.954945030881426
19.52556301616263
23.465160141896046
14.473981875701755
23.177721130747035
30.38377452292592
35.28994899736492
10.024822449770664
14.964242736481664
32.348337811884036
21.925582704141767
22.879609013462808
34.5073640158472
13.334275940958003
14.376533749881375
25.580383698927456
10.449740157243347
26.16191583628007
9.472590451119547
32.11568247548119
9.782970415049222
5.096945793414585
30.619800757207756
33.508003758617924
17.50106316078782
21.875582747101273
11.016076671071723
9.242913606687598
31.03348446869377
33.52051200885709
9.759113135540675
11.099293185302463
30.439050285742976
11.622151353542728
13.232096032783964
7.5189092881923
19.573915446729465
13.327947282582361
10.375298280275361
27.677221139287074
22.10855103859171
20.208940816334675
15.5677212420017
26.752644217263185
8.504285190698853
19.22713503704394
29.84921084055546
31.13338372553011
26.70349677595223
14.881687478591179
26.506835976685064
27.39772442349741
11.092166242644966
10.667776550123987
14.61721818279125
19.50543260822922
26.92365779771162
37.77299609624837
27.109608768142134
8.887587550500106
38.98445383929096
18.84639672567482
18.731872224146013
24.050473453619396
24.36732020109868
17.32571057461364
5.099443644401494
19.131105344010187
27.049593146868503
20.177095502659185
10.88582089717634
12.533836531618126
29.41460889129789
10.727206622143203
23.860660543663656
31.51662237761373
24.450065046180995
16.19278973291943
20.961315598460068
26.176616757303382
30.295561809891684
30.757463143044564
26.34270699102481
17.90450423276378
32.42100410020018
17.574490518727742
14.142545839545727
28.550753200011382
29.678509722186046
19.6394503467688
22.344550601223755
14.597268998079876
13.045104589237914
25.450665510790518
19.915852448237658
29.471632488884932
17.918958197664015
30.522041275260253
9.702206908287192
29.282688037791914
8.22418627452028
10.713790495820827
24.962798118374163
16.992291375980376
29.78585004963418
29.688056456847953
18.468253206801357
16.653485084435232
25.237722284310212
17.01044282913485
30.143646100336856
32.078851678130846
20.948346480422448
11.729759080706895
23.941957220991835
16.936260101773442
7.836790098338326
21.514109368493468
39.84043953513239
22.664586673795537
11.870101956150588
24.192491092218358
25.09935764923834
37.89116572578936
24.107651849003517
29.152642238892813
21.372967200521686
10.055612797538487
19.65992183089829
24.811151531578446
15.537568143021726
12.147108887744281
22.208653085864462
15.990316800374513
34.07862769363804
22.284106605823577
24.220285387969785
30.910426049721973
11.981647934854335
21.980605376742492
34.504124067247524
29.714694820679615
26.32190233715534
25.342406009208336
21.26446971379253
20.846217665916573
8.391303552935703
18.075278719511644
27.690409311905363
19.852652845375214
14.075900298451376
29.47596294933647
20.060353243759334
15.721617418309599
26.55083077521257
14.244080044902699
13.703019051905395
8.09274626509554
40.82034507023952
32.07983524427526
40.88700412070028
25.462680058876906
15.009562812344134
16.008590789469213
26.141580949836847
19.61043445619282
17.42894840277557
18.628524425226047
17.509795876172753
14.688683781558142
20.49710528112681
3.6993277609796342
5.27624850406318
16.473308599892437
26.404361610429667
22.241140147263284
34.918480831720714
23.44566630411446
11.161829148011085
14.96107707900611
10.26305460459482
15.211884795373015
19.77325809387741
29.84909648103138
9.924207972055724
18.41589956156792
22.00929953481253
14.066481814595136
25.489686125241775
18.69563350643255
12.153023118480483
14.852244001833958
17.552453596456797
25.82025538456543
14.541557337167905
18.633291750040126
25.673406483035297
16.59177173543475
25.143449437469897
27.093458295855417
29.26674677727277
22.45153938975472
32.25703616967733
20.485038831966843
24.028012972720678
30.558352686410956
13.888784638668321
22.775303959820334
26.790335755709798
14.26242729131547
8.544625802361907
23.178247320767987
7.792652580706285
12.52914806285352
24.516712020872536
9.927033909759501
13.080916982262254
10.58800159814461
23.241463410176888
21.73749891010602
19.332568165811693
20.247494956956107
20.14411498890498
29.07740181374217
11.443625379162718
13.82817093327558
20.15564664302682
20.91726765313646
9.214034015134867
10.163771376564883
27.468244487384684
18.984912193951494
10.353070870038875
20.5984263561434
21.672264778966785
16.337256751455687
19.90848330097018
32.77264347625672
20.492246929949204
26.105786888944284
20.081041399704144
33.59283921997925
19.32463680484054
11.685287638141526
16.635420441021463
10.495812536575032
17.86876086905897
22.837045277570162
24.966573029799953
15.509411648014575
40.10603130250036
26.912315840163057
28.558904517129722
25.294026954818445
13.830958031100552
11.833166889095565
15.356253037484823
19.609262883389416
27.13820935653871
23.403700150773837
6.687573356539994
25.043902299819862
29.53896189190695
31.7725442766872
29.301213497846394
18.414552654560527
19.622798747868007
29.16622357370447
7.243017382577563
15.332681400300594
24.400660188575603
17.113414888506924
13.689420832524851
18.569001721725456
7.570553508714795
16.440439660420296
24.779110127707096
27.706264648050613
24.02503501430862
20.86657478344702
15.104632562674796
16.166978866495928
25.926411131403206
27.40657938933513
29.267612520843976
17.41395502267
10.137235677754182
15.35948458280689
7.896421687052503
25.09293340976519
14.982468225119863
7.010305699394767
23.526631074770595
26.628646884220714
34.79383645019586
12.4023121029122
18.462072093330594
20.32970454542642
24.162461661487594
14.163974315583225
17.008163975523058
5.595978132770643
25.200750227106482
9.086003170393461
17.254778836625654
34.9741999288602
12.903233873915713
25.421268608464985
14.598971468390081
13.634000169197645
12.063818616757725
12.277791824978445
32.42675726779768
27.56653886741526
24.108203803848046
27.540044535761325
26.326826682854243
24.760048424381974
25.191776445736334
27.602484780472377
13.580090702063927
23.907886774279014
12.664195254910535
19.219667695526176
26.165173194928375
20.853215821533304
16.198626174812453
17.85680774408312
15.934347115262359
10.51648301156752
17.32022957205704
18.652012581728837
32.9831668202413
11.724740773632105
16.062139006678994
28.79764333281114
20.464756530014398
29.4622737999474
16.560491146485106
19.723847594930596
13.090375956320244
18.31253587646965
25.15988527295108
31.47336781949284
8.881862716395599
21.424584829706582
22.185909793895778
25.39878745305893
30.17304909329393
21.487544807205854
12.562154836404872
11.184307761586599
25.150288763335258
25.989104471709318
10.372747265421275
11.355806230272572
17.515448121266793
8.050873140591392
27.7571260165352
22.85259526062697
11.47606250512209
19.964505088159342
13.071145798014781
26.864785222894955
12.253806517984332
28.09881266348564
23.684618101400897
11.715419897967886
15.118272893168356
32.69999421850456
22.61373556559495
21.74995489072411
19.97421245755309
10.123062679290298
21.884642489959177
14.388025767175803
29.86367809598358
25.48981260931772
18.514944903946432
28.56441472397636
17.464421558689995
15.354868452671184
16.687836245760757
28.14096317516226
16.724538889660757
17.38146764793144
28.610682325747366
17.920596745623104
24.937856664707862
34.7986066058403
11.305765347199893
24.373898035621337
23.286491006258245
18.520528596917902
12.947342887760064
12.304793105764995
27.49646249603088
10.711209074220745
15.0052110023112
27.29441975806484
27.897057215535984
20.925242647583584
24.833430932037253
13.581029578526758
39.42693710851303
11.362681760652354
20.43823354551518
25.07265155670062
9.170510074177566
12.657389472493856
26.33946515247461
18.09115406929455
34.123675567403005
23.083373471994214
30.072320914173886
22.594690267642264
27.395446698967483
21.5289332019107
19.746372419226315
33.291743874080154
9.998536112244913
17.768847239547576
15.366616982500164
16.17689777548652
21.55108118841156
18.78224825612873
30.24546766244255
16.01292248911002
21.749445021283943
25.485106261768536
35.84197202635929
22.91083591903854
24.841909007842446
19.009551074842207
15.432875623539138
23.576877427237534
15.15550818348619
22.9921157504026
31.997487307848754
28.195796467991794
21.956279759507364
15.268162410591374
14.90034563665106
30.863054771188995
21.80125484482333
35.281072822684806
30.175062199189558
26.523699273524844
25.023548327333806
8.371870642159037
15.21375002064372
14.186061201939737
18.88894383709227
27.41056281439299
27.658540705879055
27.493837968050407
22.712452489720434
25.47736830478268
33.86403435510847
17.571634556610803
27.868233155228502
15.586423643293008
24.028621201549516
14.823397450194543
27.789233335685413
17.687616026624003
18.121524579131087
21.631163598186685
24.462494164650007
32.686077934237275
22.8696157006836
18.7600155122411
13.504094489704347
17.370529420666756
11.22650446035419
12.529783832680607
13.775464708289936
9.283663298278874
16.711716028582025
15.947906274463856
27.190254483645468
28.343648394006944
8.554416325124386
17.179206430811
21.248621699700774
21.331879675019003
30.175309377492837
10.205868522680252
15.558072087176871
22.62956943286985
22.345616641402795
26.759009548180728
27.782439958454027
20.935324461680636
20.812421213150618
27.392572965077743
9.856433638843978
26.68202118684857
14.412809893220471
7.537221670720724
6.952578055880429
10.876802713215268
22.95312674211996
20.626800178912
24.76068157546592
22.942759989693954
21.986930406023237
6.209451568071418
22.76497472959931
22.314863536816013
28.876256066777216
14.2486266433276
23.30113472380905
15.151349149232175
23.226397346272154
21.618170294941624
19.46657910070107
23.24137027918567
16.032111701344405
18.27226680287453
20.77654206147608
27.055122095847153
31.797894836670103
17.014913668108004
15.801451607963283
10.295653300357191
23.25556149856677
19.042376263972557
24.072153271175814
32.76766206825636
24.23811764126589
27.799146218226287
28.039286559705346
14.919901524394788
29.09241147032463
12.622590466130509
23.577409150323017
25.230270894292676
29.494056478924026
18.724425724714255
31.986960551015926
25.33905872696744
26.958324807478785
14.475738657284058
24.034967255111685
25.02418628813697
18.015467983489508
33.287094763756706
13.038619064539272
18.437457023245724
27.374256091216452
27.551441741801035
30.605305142319004
36.00996154514547
21.919590266037737
25.98338154004143
12.751742562824418
20.080563481319064
12.074004858432344
24.62528489090856
24.27684458501573
17.51504507282462
21.090199344955717
17.621944405844378
24.854180913261082
14.099214181194846
16.55406190090912
33.85836705484066
26.272343499246244
11.039669896685146
12.116550531048262
17.30430496494314
13.33575395225673
29.18904093345286
12.998051175191163
18.60386564150113
21.075398672092668
25.535814774526127
32.81131021523546
28.804163718247263
19.958117674187246
20.576741188508482
15.759167973466102
18.967770503944354
7.860834378947392
14.409503493840175
23.997494958658713
16.45372098772081
37.744590764241565
22.769135899699933
14.249317512386463
19.032609021167115
27.286475273067694
15.072666704395324
14.632072058585523
33.82696885694889
29.695344676605643
23.935288873549137
15.845314257942098
29.078786150042244
25.367341172685
18.506283584944878
12.288742680382077
14.451305934681619
28.31358737918556
28.622331931126663
31.102601560820673
10.685524808491477
15.045699697184494
28.311171257763537
18.444332777316266
20.470582516124598
8.7515215087725
5.166087672592234
7.9806822697444035
18.206985991618133
12.800136816951975
18.126142026202878
18.28244521246434
29.866857367484403
17.328985454120925
21.83782286070243
20.733249003225513
21.263645385477307
17.76766091898398
12.11483094448863
25.82735465465164
16.83074915128481
22.42373271591619
20.321324629451894
23.593505266642254
27.3923912347067
12.200788585274188
27.17906279450575
19.72700266022068
26.452254946185732
14.310880228776178
13.00944527631098
25.687618564495665
16.10021243819032
33.480449059558616
26.43944506895909
18.11544391762572
27.87278945318837
23.81078111816531
22.75632474208579
19.36202086028107
20.21637984962257
14.756565719426897
15.524847829949293
24.59597922579758
12.284213693595726
4.972445370723133
14.905517061918482
17.167489905451603
28.42517973244429
18.743757103641578
29.17387736823037
19.654775482870434
18.997900794276845
24.280993021796572
22.126392021965586
29.43743743580724
22.289090040288016
21.737166483092178
25.46318812453812
21.485905683530937
4.334545238723413
22.775750255043317
11.303713880854914
24.178102965443685
13.861401815005138
17.303285710134425
30.54829255353538
34.782438759275756
16.486400260585455
13.54525103206527
14.179624645364637
31.88216904335524
14.491784680714863
28.30858662929156
25.390398895157308
36.89743904525302
12.613092776012508
27.796170196647576
26.227904033790466
13.873536755039568
25.979044031294578
32.95415107889097
17.236294344853007
12.482533101415472
27.755093764917355
16.11232349537033
26.533094377546526
20.14159139638733
5.938803610234014
11.367953588896162
33.89219280638981
14.633420993982517
21.632431906532577
16.520406856888858
17.20251517405686
29.998787276709052
25.80834768927437
16.54809037718919
20.34560618969294
28.114885302148696
10.115021657399014
14.47980865563976
12.204010391765154
20.657461446904385
18.091533878750898
22.910366853683215
6.581296940313384
9.5030381584291
18.601395623088226
26.91296978644876
7.033567790999982
14.679797083663422
15.765454033800628
30.8762154472412
34.92620718977089
22.010552231950772
30.887168445995705
21.301431971815056
21.26485060687756
15.528503535346694
9.72220131066918
14.080375211563966
21.58333946330986
14.389282793578111
19.677759366632
20.277659462131385
12.61539346871514
4.862512973505111
12.987364600302856
22.30836001964154
12.904487586648537
26.278836413206893
23.276742364805095
11.518698285847897
20.448555482086284
16.36679805101426
3.5596071822404416
18.039572192327178
31.770321451074505
19.62051894472756
16.571478115812987
21.768013298565045
19.97025402578932
17.553341320278196
36.00021958762357
34.29858532247365
25.771418074384034
5.73890885636252
15.844048140143094
17.504470138309173
21.0571321829814
13.490704246632978
26.710199010614392
21.542131646018802
11.2053465144072
6.687358070583762
22.98729325845149
29.975188513457958
32.312868010502044
21.181434479372196
11.737090457242985
41.32029620662195
20.702195861292058
32.53718583439268
23.323521781232824
20.36061094819894
22.588696413908117
11.90726082922981
28.36815028179548
10.097520070372548
15.70300705713373
18.28567337350337
14.01282000995906
33.101203821737485
9.012853032447653
10.197460157768163
25.045819462200743
21.213357168774724
9.25914968477447
27.410995132707626
11.409343979983062
11.96822960270309
25.175528361408524
26.415437272044727
25.019633634457847
3.5995751669937164
21.035821984845544
27.353410565189858
11.650938045257513
25.257623692715555
27.995205073017182
7.765008271353511
18.555662032731327
7.960424525098428
21.338202061544944
15.704999370097891
14.325074160411491
30.41809955664453
6.844790806657533
10.195287998648142
26.848329870964964
21.977447672124153
16.99428788728255
26.287780286652886
17.832888925680404
27.653980980645994
10.748837810113857
12.778643055592264
26.097352184538074
12.137789880579136
28.17101842093294
23.77675577003451
15.763359530200024
23.041066435624764
22.914015681090994
14.650305310446655
30.33973715917576
18.941806319739246
31.482040773534134
24.658527653293906
20.74623896297036
4.7873140505078435
19.33895706151207
15.725911432985297
24.801620140028962
24.13098600322858
21.612126670163487
20.270115247186546
26.633670290574415
21.110834500989764
13.308447254151504
25.779322193242486
5.705322716160816
22.442004713683747
14.191658176551877
20.45480718310505
26.518672117028338
17.72126774549394
21.520001608199355
23.64919906312302
21.214482857693618
29.66707077057894
25.758012666073192
26.13787262070441
9.881823931481051
17.793617338226735
12.88182654313686
18.766832697237636
17.035271231395626
7.242633257319912
13.138684410321753
15.774755968545799
10.901103362173497
15.105743604455016
17.6138239882959
10.926350079249689
24.88930183845681
15.513723254843352
22.018662817368277
19.38072122158979
21.941643379515206
22.754498132669152
14.475028255011349
26.51061869731776
18.17511384668192
29.62910190075089
32.7474032913985
32.49955518097517
29.277295661226617
14.21499427980843
14.972123827438688
19.52989149270861
17.783045244211632
22.798887656128127
13.93070979350419
17.505231535514604
6.53390927218983
6.532356560910452
16.92672274377761
16.31893076175439
31.618387011883225
20.29314553181227
26.924530298733394
14.559452258834794
13.695452258694237
16.544409811838946
16.154657129612957
24.13625526536607
13.832446744609515
16.368646355516162
11.98626959340311
34.25208482306686
17.68054282300047
13.416027876324451
13.61816518764692
31.218496607442287
13.257056072362387
30.996370973353105
33.68005762005992
15.730886863461576
17.39127031744343
19.3194060803805
43.84200913217629
20.70623784300075
13.371097027569016
16.880842562493214
26.390185801759614
24.419858038009288
30.099138429729056
12.295929533783406
10.233264311746483
20.656106541562963
16.740499889559572
18.50026728217996
28.62785030317812
16.695151784114575
26.95447296164543
8.954511173582551
22.23674831381564
17.864486978382168
24.853250101115435
20.441072657002028
15.65053796089301
17.294048609874043
14.958952003623251
24.289646232982133
18.213782803929384
25.89188941700857
22.161697816531778
34.836068692171196
30.25699427229621
27.80012157206894
29.49992451124315
19.97305683434117
29.195663050912106
24.318528211315307
5.393009198968126
18.43634029816391
15.871293977950936
15.537627039569303
12.816009404841378
15.199489191947587
15.488374188348201
17.20410140154555
15.172194828832092
24.484073792718483
37.237602228853646
25.972246972368588
30.06404151386054
13.77475482089684
24.125355979026722
22.10214155199777
22.471272510797686
12.057520710303335
15.133958596824625
25.175399295903503
36.665627864687075
25.79875694984324
24.765190522557454
21.129257051480035
18.352054940425088
29.492278075847203
20.40203328376597
23.310594990319235
20.446819993086805
6.512433150063952
15.127198886362176
24.972241767741515
17.77185736130139
24.815687631611613
20.813298095820944
6.54272497551046
4.553888423614091
13.495066263914275
21.376104081545712
21.49611216647377
20.341685937560538
24.306154592085754
20.096215549545306
19.173952186484367
24.009341286254603
13.407950423872641
21.421850024018646
10.834450423898842
32.073029563693034
25.078014580338124
17.258928621393355
32.675505813012926
9.868866390248579
36.588687771566036
27.64615002387971
13.994395951019735
32.250017610463566
16.945585745389568
17.023107732765094
37.64714437985375
10.523751129176759
12.7820358111795
8.292279229963718
27.9834408444706
22.89396444637455
33.40602793352891
15.707822396488902
14.309874235618349
16.383387048470887
23.314943250770202
10.805022806046935
19.818429108690403
29.51300401661848
17.38256782941361
28.942849913288796
32.44103207012756
16.81517051113613
22.392471297042174
18.2821407080942
17.32445300063053
17.542561754497918
35.93658226355171
27.698311403070097
34.235760319097984
28.77094656406772
23.48972982511583
14.837106309367039
12.61671707995808
9.206274011081483
9.16318237143123
22.398133681765547
15.000473647393227
16.446986197727348
22.43493206944622
29.20641064370792
38.66310433924834
23.495651582421246
25.700939878945515
22.96014289180323
18.33885730512087
13.880170389157582
11.374262690405265
13.353105218379701
18.41358963771682
9.729394362827088
19.762438309527656
29.744612077785906
6.860660507510545
21.856364264173322
19.198396378110303
14.48715769262421
17.093104971399388
5.458228477332229
15.127702967288943
28.63101246317573
25.86714499682039
14.70043737334118
37.60274353981496
22.527591478304913
15.046226977734339
21.9003518724877
19.7385581670251
19.251676032116784
9.03345103562001
30.298917418551987
10.26713014760488
22.093895567105466
14.846919140880487
13.854026387940792
27.53078161463798
27.880361147228218
18.421540379157186
29.76367686025248
33.05946788445734
8.159710735435349
23.745822370368575
31.194547822092836
19.563229638715537
24.125249588756116
18.322350060213367
22.053368207094117
24.072117127961942
17.892215571161056
31.711865954365813
22.298762227214716
32.38658620845807
24.738682856756363
19.323062226682598
24.857993738805778
24.15523714234911
38.1286358601254
21.558952307423567
24.564641817837344
10.578693214920635
28.166297460789192
10.07341925451733
21.935986956607753
19.10119606930463
30.74766579965747
14.314575796437676
