16.01190867320242
27.77198964714287
14.433026957375215
17.6236760252471
9.641579581864445
11.256846962433713
11.608045601782582
27.11902606811783
4.240391323445607
11.777930797042565
20.891380861076737
13.81281580514804
31.179667933190096
17.711526761838314
10.261805618529916
33.75847331925296
29.47766249496086
10.269234420182634
10.347054285373313
22.055160257224436
13.703529907792536
27.577090064125844
30.324595092715963
22.1048547795288
16.910749462121352
19.5698021584197
14.854509232457529
25.917851893601114
14.526163873290248
35.65017378555781
27.01844906144657
30.694469836094534
24.88812309363126
14.655811111649289
9.727110078097596
27.21948144467279
25.688017044071202
27.34430904786895
26.04234967867344
17.786047873244197
3.807112162199083
18.361542308087778
13.530818327882693
24.234831121348208
12.179707891686206
13.279972159681662
23.633916691931493
12.468167817911288
16.764376651613574
4.856249373387014
14.735105815402123
6.294242916715359
19.919644631609028
17.28701749156281
26.178416166498668
30.782819414875025
20.39653619750182
20.15603317204805
25.623559310166844
11.67840545242606
17.10143950622339
7.333150750778426
14.547240889363934
19.156196360345383
10.465626062868434
29.816325915898236
30.344103167744965
14.938164495999247
6.191393568833028
26.39442556435719
24.992325922927705
27.76326309793666
11.149473695014711
21.209984618708077
9.58581124252329
5.444949716679602
11.048563222388628
25.126524892964024
13.363787409979574
7.784787939183211
12.717143707734774
16.85729919096445
10.999897859285559
16.106239032598367
20.947196327743157
18.336365218362886
16.813452256872832
10.622802873798694
13.123597620609775
9.26706751691111
9.215035709366013
21.320084939578962
13.022615682010878
28.70489317693744
32.213739565258734
15.274625410307282
25.167960896435275
8.236724009995717
5.409748509661059
17.169165777891624
19.397095590145003
25.978344978467877
26.809972085991586
22.332100905448428
14.631517564507591
24.135180271034447
19.399787950879098
10.336556925422979
23.769125420771925
23.812962865980683
31.66218799839896
20.00128314316551
16.161812144122205
25.41137138575309
22.29449412245189
10.873728196297469
33.525644951938425
4.833179208437047
24.115537499986985
29.92302910273739
15.246245045242091
17.52618943015972
19.325225994226564
21.394952962841874
21.62679918210474
17.840949106437773
16.487887349225648
23.02148511412514
19.7231653530193
23.333442630708312
23.497790120877028
12.415113297581337
24.80280776067961
22.02303224852549
9.218725664986506
28.738688405729565
18.040366356039378
25.45853090690685
8.63991261513392
25.901836696307956
4.680309476664425
13.774340675196477
20.933983511156608
7.013408061706485
31.108395069788504
14.936495126257965
26.595079089916734
13.35546649419121
20.11049602484094
17.75326247432494
14.38618015504525
14.039372916342348
18.63414334238784
9.724239391523074
8.980628900843017
26.967381660885575
18.8518540195186
21.88429905732738
26.05224166907686
16.24037327589592
35.82461795872292
22.754754036961586
15.661956393567797
14.44420902526991
21.722069823969637
23.71486443735246
19.399502868880994
28.181795661156787
13.144135847587219
5.931522518149414
28.39046087861631
18.951647462212087
6.963700390985146
10.313722682296017
18.796262173779798
25.184947615959338
22.03131219350561
31.09804207255718
21.375694300680692
22.790634146250095
7.711744884673876
16.930945542832934
22.55010639598472
14.206973001887803
17.80380646666495
31.229123071027853
17.361447681321042
25.15751431505266
20.6363150974244
11.505052234310906
26.275113704252277
21.543993869639596
16.95391690551891
25.381086456159156
17.779791521953882
17.749258801204736
21.546237797603673
12.228927035650978
22.365136193829194
28.274213759086
16.5885217765726
17.277585171217826
11.22152493445825
26.020744222572123
30.828632411772556
24.779331917738965
21.64271168447361
14.898320387846455
18.477183088295618
21.566353917289536
22.66773772001957
18.91635257705982
10.177763990330636
17.588522140728063
19.38055695794385
14.028901438182876
31.150880616488134
25.27565727921185
22.041532759843268
31.1315476571111
25.334739148717805
30.00535159304042
12.78478682573431
16.136456404337782
11.759920304396944
24.235018388340535
4.712779833765748
16.487663719935604
30.853830927168094
18.541946018492087
25.275878965380247
27.139906023106782
20.4207696785955
28.398686687106395
14.196488122050694
10.583578852536487
12.788606230605897
27.094038727323554
16.906863864313166
13.557292872047835
21.07432291753849
14.963592003281107
29.022205146402634
18.441070601129795
15.161179700044581
14.903322067703705
7.686607792565547
15.926763057662765
10.633433474617636
10.853867912114882
10.424969355920874
16.907520915659383
27.928803568043286
31.929291882854276
29.886114903170416
13.394317110971539
7.810843167992955
38.35169957935823
35.85844915749132
25.8728562363067
6.259723691820313
19.05727770289245
26.457715847313057
12.334359965899829
21.726205320444436
24.518269074864193
21.36325354446337
30.333327758647247
25.224803055445488
21.63059330011904
17.925168672813268
19.34944105443385
12.91296076437624
26.29013879996013
9.004506540949976
33.802493310669675
32.745698794742005
27.05240080510296
27.354916233310302
29.632163060113864
20.50614980093563
19.57760285033778
20.339704016737315
12.734275846086673
17.078528809937776
25.27139648146042
21.31570740651778
33.028954357214005
29.950828960178193
27.605145606926797
20.263108664879883
28.70576919079085
19.535948046443025
17.341207443208916
18.793046360779034
14.364118626526267
18.909630379754265
24.12033904216022
14.841599185635893
15.834073202705328
20.421951306375608
10.873770118099763
10.5931435509506
15.933037127728854
13.520426358651363
23.890648227608164
25.264651455990695
12.651337655279205
16.730638608452267
16.1454864616969
20.55356296416379
22.580412116592104
14.237861301338118
11.312147896196219
31.42777384247023
21.461069223217205
25.36560982558893
18.430689210437542
24.466618308640555
18.218558645205626
22.863043759061615
21.83720322691289
38.59201219653255
20.616179424409115
19.273083362562975
12.246798926989767
21.20678274519999
28.92562295273274
25.600406143280033
19.55978852414668
10.932613688104828
9.175677512707543
8.533283652662595
13.122473245897604
26.9558047270692
36.455403941794536
29.45109010262873
13.2338777526551
24.397917992270383
21.118533702719798
26.712534525281395
8.363027517782678
9.162314829655998
21.911544680530312
28.575148969306465
31.63185008661686
23.040445902944008
29.050155718541326
20.792595742998603
15.43795601439161
31.838227714545766
21.426632791865874
30.295525323176832
19.374100603618714
34.973404018229395
10.504890342200751
12.278043547791093
4.7599706540088995
34.546000418449786
14.024637122264174
14.590546201867157
35.03500244697059
12.443945973544533
14.85878824847395
15.927215575173369
16.079095429015066
9.868834843925539
25.697450456473682
32.671169693312294
18.47899615704106
23.50796583169605
17.51435637994807
35.36726920232421
24.25750840525518
39.441803051825666
14.907933531170269
15.970917004981406
4.240834117305164
15.631784672827626
26.556336781989206
18.34999923117484
23.197437384368584
16.64660652980435
22.468663733678135
8.936044692092427
12.753213957971985
19.408596381259986
22.979074617036293
42.21802803643051
18.52907261080846
6.878669209461433
30.721411282637433
15.73422997254147
14.662288703330606
9.120832836078218
26.3953879773243
17.94688925336088
38.51951249608469
19.276283468603985
33.890359265820685
24.513253799166588
10.574858927755999
17.94715994611749
17.075506327736104
5.957429432734755
26.038730568696806
17.05111043744466
11.486380471097288
20.035840086465175
19.721870447976503
19.997222546240803
24.179829045399625
12.492814775785616
25.120515209148458
11.228961700216836
18.61848660661713
26.762005029497978
30.896804149184376
10.876669677624225
16.036799016308862
14.978964700516432
10.943811003159418
36.85779451386447
33.56905574361968
23.01963756471785
16.47405056554476
29.375897261834982
12.237110334227408
23.6941541553334
22.918781319915237
33.95628630520553
18.524853182465733
32.62028295344222
22.95699514147306
20.457847828241547
24.674429340920017
29.951099590478478
17.475213898480863
7.848504760191178
21.01580131025425
33.21573883505659
21.23289758321256
10.772020373941615
24.513279553155808
15.628970422437272
39.34266885850087
9.939505124537604
16.5990238620296
11.201843146107867
26.48144483401956
21.890600139495817
15.041892756199575
19.082835854576135
25.026125359829567
12.842774154049131
18.941293938532272
14.516739597443985
32.40678439102989
31.29341959288074
30.392451964376594
42.42486596142508
13.08592940466659
21.354516865508128
16.843502080041297
11.700225749850736
17.479032163569663
27.638082210152405
18.60546801471898
18.406347565519997
33.96538353080583
12.940502319684258
13.075888852759217
26.346648448494562
20.549487992737337
23.811328832159717
13.070992253929575
30.70445951729824
32.41402821483241
19.546057038908444
28.898888619988554
3.7605500664602234
11.341599436678703
11.03718640375097
17.363616335836184
26.741550028429177
8.83526100020863
5.405097067398438
27.06215629137394
16.52470400356481
24.85215852573326
12.174998961697353
32.21193246451582
20.9381102794434
17.60574798917644
24.922038856721585
17.256163129081557
30.74344823909308
26.732643801757455
22.204674043143438
25.095259795540347
27.678118926444117
24.52752390160566
22.709897472259506
14.6526265880034
16.993158859525547
11.154291457115466
20.820899309865396
16.414605528801523
21.101946649568827
12.615934324317319
30.317036645707503
15.32950863583213
15.183253536462818
34.88213044226733
18.63920734449459
31.738915973668306
13.71563335804175
9.492062389503706
20.642594235803177
26.653445584735106
28.01805334891242
27.674830820650058
21.39470880602804
13.479437308074804
23.144327975596582
24.77847920335727
10.764178601001701
8.993297535291209
31.811043553911716
15.237473770389178
22.420904256039883
27.56623790176448
25.214941777763272
22.35131208751571
37.8170095995181
12.597812054955673
14.994056570359444
30.167881395539286
12.101892282435704
12.728504851637103
11.364666402988107
18.001814201000382
10.904485598248193
37.35974743810831
22.938654950392117
27.60940900997029
19.220097209781198
18.159892555026218
25.526999084378726
24.807530764973862
22.645361836524415
12.720708931643639
25.27457073951456
20.614086610451682
30.36378619339604
26.406121851974607
17.39368470321297
11.19348255284858
18.728197496821625
13.793047701391703
16.5080206137211
18.03858072076401
9.615549837928977
25.3279354790764
24.70690899064391
14.053906889038354
14.252739591571247
36.94532330448491
31.12956231230748
24.300514353116696
8.59270703917725
12.323095327273682
30.772138615307426
13.958542377065795
27.999028144604072
30.034129475086132
22.090354722838992
20.250504327525004
11.064457386090123
13.38539204458492
27.178836107359867
27.282147875208423
15.93742694575077
14.31990093189202
28.361733887870205
24.80703962199596
8.29054224288543
5.786955503542762
30.3274244482043
34.07006018563334
28.68561328331622
16.066732280450264
14.306922698885685
21.362909366064642
13.522043013495763
23.181335331036447
25.854544931011294
20.776638147696364
24.991573648773148
17.033616877120334
16.701832858364476
21.119495447662192
15.689107032210543
17.978663984729966
22.750841114465604
13.398147455716146
25.755698980778487
24.758380305023667
27.363592147667315
19.126533556425148
18.24031158622528
19.497939851657776
16.852912574200477
17.926969837114978
33.011893622250945
29.84029171280113
25.562002671812987
15.111243185746131
22.527459699980326
34.619961514063135
21.64614521540489
24.116191220967035
20.90681819629133
28.095946343179197
26.177251824595384
19.896032347873916
17.8287726963446
31.534278753256064
16.870956165968963
18.093579302019116
16.37979756135927
11.144411672667566
18.679151861038136
11.795158014080775
22.95868662564999
27.569205964965203
31.678879015956426
16.91528147283825
28.005787710384958
36.323387483282765
16.94456038308656
26.504643708388098
39.54312753821065
4.399172697542256
27.4719400304454
27.937251818810424
22.415508951744638
14.502709847756416
4.237411222842056
21.188892520062865
14.594017836040328
15.910397891431929
20.392531156390564
13.062717661428836
31.616875553406395
28.52480935886322
24.455107982735377
20.367702368550827
13.69967461798417
18.13897648223427
11.714471460737794
22.917689201879686
21.54930840813647
18.126317432458315
23.73564479349287
25.210092645659863
19.745979959828077
20.886748567894493
21.56308894531972
35.236733215991585
30.847385665998715
10.517476761326966
25.24172128807898
20.087927372811013
39.466813292647664
15.273680060661455
24.40014422724982
16.731090823016796
21.935420924192687
10.630982469079322
25.55301426758666
31.32392332831455
32.29658239721442
14.04999691348446
15.09182181305343
4.3987866698870315
12.951915124740868
10.312344059721246
22.575268921634592
21.754485972909684
35.008659814193656
19.626116611113588
23.86465244345601
41.66499628584034
19.217407536156532
8.70600300090903
20.129002895743042
27.79068020749111
31.829590737387395
17.07559385308973
28.930600608954276
25.750243349023563
19.716459155263976
28.095041459876715
28.207204040564825
16.13189559688704
14.831819534060035
21.682229650529
18.732128121318162
18.78091778146316
32.891358899721574
30.20841329899312
15.138756980024821
14.98795057719305
8.157958393330665
34.080399388383185
22.97712548440128
20.24910125385702
17.215654698582185
19.836761129061422
8.771931327908563
8.171618522662682
5.860039130928501
10.014723445353496
21.814499779876183
13.696598227928146
27.1136331388379
13.633598390850397
12.381938008299949
18.430756047803406
9.88992935292989
11.18637591890074
23.51256064078807
18.69081489418581
25.02472072814503
24.89952449410816
20.7006080030057
34.49244371334214
23.370243705901586
25.144536844588924
18.668384736998075
26.766204920759158
25.172958810390845
15.856513267135613
24.504792044528863
23.369100755232402
23.83495751025649
8.729721082428131
5.12181440151103
19.164618735554495
18.45112570104364
21.202273678759187
13.288297124785297
27.156576852273123
13.114990532565958
29.216414590113345
20.018470215367195
28.996853420648968
24.79291012206209
13.84881605035574
26.42965828726739
31.952819030043536
18.110015780656862
14.3849345858184
16.091100469170385
17.95904044877216
20.715506945272274
24.838596860147064
18.911302564154852
21.099400044154244
24.98384874836454
24.127316567330997
30.00517472899627
13.987593632226364
21.663017838399792
18.4965770768291
9.545015331340078
25.808969335515265
14.48645426017462
21.285473255140968
22.404733689719922
11.043046915830516
18.79494320543659
24.949894601323706
5.769287634001346
19.79454111688053
14.847088940632519
9.377594599580384
26.23719645849648
12.474672416095567
20.507642340501693
34.76151845711942
11.026704130819628
10.650743741117763
24.39213591469168
17.178811167953217
24.38765148039372
35.16597598658788
20.3739405350574
8.38149594939835
24.494301623080208
26.87985259633285
26.320703097658566
26.11575624798414
19.300023726105596
10.849217737745386
30.374691335524602
19.635136393887908
21.52436499520809
20.21033360442281
7.6958555868602465
11.277349450848885
4.253545683344524
10.079983565178585
25.794287535524727
17.60888373334409
12.59000383164956
21.897233154038226
32.449154289706705
24.254140544502363
18.449217609209057
24.72216380198497
19.779554909847075
31.039864129695722
24.719857088738827
34.47743064711344
23.068625900990504
9.250794832643349
8.634633042472766
18.24051466992167
24.347105328488265
34.82080264217499
16.128472635262085
23.368249083517984
14.375710221857227
16.4568948057993
22.170795395503788
13.298866046851748
19.8876377738985
3.996512782451201
18.317035868287352
22.630807204696943
32.87483261167878
17.209985021381982
18.65740754833457
27.59706921370573
24.881747163496293
29.666334913791644
28.192105261882798
15.120465950311726
9.325490119415177
19.252417883261895
18.89319681455594
18.344010367161914
24.130055266719655
22.52820956913256
12.968974065270622
13.04597445644652
18.945651422697278
16.72006029333714
4.680682595150653
20.135936342585246
7.697114395297053
16.075201489399415
9.591871451292777
13.388637514572103
20.417931306530992
14.899074557931641
19.035192606468566
11.977061555223306
18.736154940331204
27.306128990345382
28.960195845370777
28.165202015895726
29.211576585735326
25.88352419978093
29.661510874755137
12.822759343783625
23.0007523984059
22.51910162498406
19.519298307965563
15.342779271202962
23.480566238063183
25.318861965118682
16.660339657688226
29.771997820216786
20.407370614710796
16.408881508838697
22.27913022133265
22.66765539125277
10.959351161914777
14.762603301848035
38.385183399758034
16.179889638758063
41.05797146705402
11.29645530279943
5.851057361193693
16.02413898466131
13.590150413727642
13.970014584082858
20.7202325333185
14.70673714797874
14.02600732526018
27.847494615574664
25.02834849216474
11.129729851579697
20.485615509009826
16.680037194762868
13.738865297831508
24.53771831623408
29.174910351909293
7.5370790866213095
36.897627432657444
19.344510619785307
15.070400123539445
15.878570731975026
18.71526065287811
20.398010624614283
14.903810503764541
30.441789336872855
19.41635113909473
18.61841849442592
33.968089940755014
21.94922781871706
23.994580686006323
16.355280770009667
35.03606103154037
32.83775199441693
19.77408581775572
17.890356559178294
24.145952568108747
27.994507146833914
15.485915985263974
33.653514327546446
29.702649614967026
13.734723912980348
16.666614936374156
19.934729182412863
14.225239614956699
15.860027797047811
26.931922510428166
20.738537532049783
26.966084078482066
19.95867584856337
28.717746943114232
15.495922142094866
4.9163303569621695
9.451030564630708
19.48665526713195
14.422616575704478
19.53181228393854
29.242367646278968
23.940077453843212
25.308955980392604
14.160940825823742
38.69402844624758
29.968064805503268
23.865327439976088
20.872333903555123
16.77192269384071
24.879071241410294
10.576474200155355
21.067818767879412
26.69246938616949
10.784782339834907
16.232802101815064
6.63917003567526
37.93718218465543
43.296734103893044
13.049821530771734
9.851666131106324
25.506194638435055
6.140954138976154
17.73166946451199
22.1355398342369
23.017904939378955
15.203142329793911
29.46211903887896
23.135382882870303
20.368186228118194
19.71545629933479
26.5842795445188
18.373255257054122
21.714655856456368
16.514747068583105
13.265189468387836
14.412598603250675
12.155869347330096
11.878222140524786
19.87495566365542
22.61381511237772
18.71669414244659
14.16970510982446
17.026565726778635
18.258941207932562
8.585650676127186
13.216722849085095
25.51135298891729
17.345265685766524
34.55474966264687
24.72511926255174
20.632640211750626
18.937648201112967
20.030390690220166
13.484131714478664
34.58170837102085
32.750231367786796
12.6781390526293
27.86936375291007
11.123154492892853
26.389934870237134
20.524716124006964
23.641287214066043
24.302931696613218
31.450673572646725
21.24595686816424
26.52231028551895
16.119030626927213
16.208119786134187
9.390457009225397
12.67262840837608
22.244351706171116
28.833166509358378
27.282154987656856
13.083078490389148
12.732763294436182
9.129137031079042
7.885693888679186
15.038702381255217
35.14469869794468
23.888125930011604
29.145951293366387
28.775594187962746
34.37268059305898
33.350597781606744
36.482606315371925
23.436598229349276
24.607509335700744
15.109210658642244
28.05515598908279
28.94721278589568
26.586198499517316
18.222842038700815
23.783134374486757
29.97378709948097
7.979746602486581
27.31777196119646
28.17020712019356
27.99693612551701
27.358684842803925
17.13944654593416
15.147418721181005
31.04340877008424
25.038607972718793
17.97963526470213
17.73425675018026
27.333086936679685
28.74998321492961
13.797870100406378
20.76387814781645
16.51679247598837
21.226458483784455
19.761101500435185
24.601248396833792
29.281586820961014
22.481346140007613
7.928267297921673
16.499354675700978
31.309679037190435
34.37109611572903
15.606156261759619
15.619265098554026
25.3274504268066
29.256283741854496
21.041445568836213
14.778532446395808
24.45921936161411
21.274837354790396
22.951782310591938
26.68860848824832
21.546629478122494
35.00879953277384
23.97163671282659
16.211849704713046
26.996789640490892
18.03404556124022
23.31470527660597
14.856002768518229
12.703358635875203
19.234824035171414
18.381226058436607
13.266021189616273
20.567221720081935
19.195365648005172
26.61219509310716
8.567670793169244
22.63316862759031
15.518488123992094
19.49798033000209
18.239580404997707
9.813995092169876
27.554054001039578
23.17435236887721
23.295600300666585
29.64238821947458
20.297451867845208
9.378425442050785
14.548744315449397
19.72449707589677
3.966597262879757
19.99845509853542
7.160005354534666
8.61674313564569
22.133628756491312
12.635198196801541
21.96983670321376
15.478995176319748
25.159314737881278
28.399477649683437
6.332823616007418
6.683313185204076
22.245665381005463
27.802404812667092
8.071447267430694
26.186317554284663
27.46063451197839
16.06970936313627
7.9424648062707
26.879897285354687
32.974819274941126
24.41241908991938
20.134267332087155
20.629164096576194
7.023234233912506
36.791563753347674
22.34054366275339
10.937686381642427
13.379004772494758
23.315985397300405
26.85039777859973
7.802122018991277
19.55090388279702
26.210414498255325
19.71230182004878
8.590297843227539
23.95880456865717
30.18559370915337
19.18711730760576
18.597780043123322
11.02649665903098
23.070836680227668
12.649055602675922
21.773487027187965
27.645437151167755
22.851678032169804
19.949580733136603
23.90615262536123
23.74032397958209
18.1747605359648
13.685732525651067
17.401832843699207
22.020132770229427
27.211605614942833
8.701405222112854
15.856269390921168
13.974767617901191
30.131877032438833
26.763267476122245
16.87734785665729
18.559387373774182
22.836407846556124
15.789524837004342
18.536639097227418
33.94670535471381
17.16220157027316
34.947332851704225
30.73392425508072
25.711127747159303
14.756792892397268
20.049054017129045
14.725993444060844
23.636312863608254
8.334160598871835
14.779537183762361
12.8769230872752
18.779078558106693
18.160054184505917
7.163199376297616
14.137679608373958
24.086660455851266
16.74573072704637
9.639377450950805
15.992869154413443
36.51089843607116
29.06666673487481
27.271593071452052
42.026890751081545
14.339697351498785
28.040475196394453
20.349954698561707
15.546710518014253
17.45986144422666
20.568094581115464
11.943231864546895
18.138614291489127
20.649865971394295
28.442701427372782
27.191967923508532
12.920640856855728
26.531986516394824
16.568808519190462
14.594426413489181
22.21746225810166
17.207267932117414
17.100448728055124
13.772148371985777
20.462568275897304
19.583385808174455
24.870973456754488
20.863421023069474
23.793015082429918
13.468066917086448
22.2913415216529
25.72614890516122
34.955857349935926
25.21271982027575
22.999157103042233
18.841891225340724
25.80954928452265
27.70299008387516
23.77061779228697
26.689342925222224
27.158422410422638
26.351554554320728
14.601294502891758
12.387736608006998
16.186106407592344
11.999459991488845
12.264603479422187
33.3611967002599
18.235251227471494
21.520582612191095
30.62200080454075
26.673550543063204
23.51155074137703
14.9505082563377
15.520107229609506
15.520748921114253
19.548990255966526
27.782580822676195
21.33753039642551
9.522235301095533
23.38124214990979
14.297045405923038
20.336371872684172
4.433029981121884
17.976567749105786
22.825635537397982
20.63972817162351
16.657966762601557
16.844345565294006
30.855866094382982
26.39648268500188
14.161585813942901
29.07961865223261
19.065322432116908
12.94788319277862
29.674727780424103
20.096512576281892
18.34614403751336
33.61303846191827
31.670715261106984
30.208306459876713
18.148760312925944
21.17889482812818
29.12886481140771
16.839906141380002
17.551266531871434
24.902948447432184
11.803786424134758
16.18496982671168
5.83865877629831
21.664677836640724
26.117061059298045
23.54810383605915
28.113498931033714
38.39535345437387
23.254282495502938
8.589016944561433
12.935192990236418
19.545151421738968
16.735831650004425
25.30758459796517
35.79427805049445
7.724741986335147
25.089057781013743
21.024664595537125
20.672501395961813
22.15637746524356
12.845433595281762
22.16125028877939
5.412750843805023
30.96560262389523
15.047377059390698
17.103774045212813
27.457455207491414
28.306064463723327
22.84759188932926
14.80278457974289
17.798918372199505
20.85470993026757
21.56710638866552
13.565833103626563
24.65712481109376
19.281328811867823
19.32938518581479
9.659498224228418
31.10865223402339
28.211495791849064
18.876013111956702
33.64574730759391
17.872005860224597
27.498437750401916
16.8346561513295
12.746889164257222
11.131368900469068
22.78014975186609
28.463449223918058
22.623844335207234
32.7287782174617
24.52874778749852
16.043223733357298
18.392813143156758
22.654423986076925
16.541580769467444
16.90857545626172
23.43750091595327
31.255122408679174
25.224919699317766
30.893235124141565
19.56288762889841
20.7952535537085
5.661629580915578
25.638615588956966
26.902914748366324
24.40164620444191
19.084255982269493
8.209708850327871
11.338639138891748
19.790642142632368
20.570158144984166
23.342724011790676
14.592283276961401
5.262730173995403
24.318651210161335
5.812795646220108
3.9666176990630033
17.753033157197606
7.179156943516376
22.27578911710266
23.154049798914922
18.47235631091778
29.51608074870285
23.39888069420244
30.629250319454528
32.088576589811865
18.209564622120414
9.867515642439804
24.21722312400413
16.423889203882396
20.044212591421523
31.3949106149583
19.217953730047743
25.219673839336956
37.512859812682876
21.437693512314592
33.54236704415699
11.971618833837747
14.80940715610779
14.402415622063401
20.276922330403735
19.697979452756986
23.360061717010804
18.447203248567227
30.192804821616313
20.888329563072748
28.941923026003526
42.15105996005064
18.910543618683537
22.714636956592074
22.046853387497965
20.762726615143734
10.498201492776806
24.609014010624453
27.27860050480944
28.22705592177851
31.32502943088686
21.84916285821094
34.113546896101305
21.790157460242227
32.81102300282895
24.039639585568754
25.593327999387373
26.17738101789042
15.245775371931924
13.941332289771665
23.636758035741202
27.435287219593192
16.304001382797004
8.826497770694571
14.423405037870545
15.337105069728574
20.99742642676322
16.402410765975983
7.726393158272004
24.28406072716801
25.511598956853366
12.12908957572966
11.868123087602937
34.25825137205125
14.222785771988592
14.809191466394871
27.537383777212323
21.13526643927067
21.541251310479243
17.95183200944874
29.349674082604672
24.986417351531927
21.92339931543129
10.892660353426008
12.799242911848696
9.553130348734463
10.125782435509079
26.900008125629473
14.678192718975795
9.336333864753604
12.472057130224805
28.421548117248413
23.859937159260408
22.287316197961502
20.45466987493791
23.682492320983712
26.57680485773896
28.582330184778368
27.023206927841564
22.540858887253087
20.650830069646403
9.94215832829151
14.001379155447212
32.53391054456967
8.994281116370056
22.45867497757637
36.830150291894086
13.681804003893932
32.225014899432935
16.44862887306723
13.94722101660366
13.731198788490188
14.311852788915937
17.668635988026253
30.948515029401896
25.61180443617166
35.97165097507535
9.19508872331547
11.372802311076356
23.119592516908472
26.686705566172336
20.077535063871935
23.70090314853656
9.489720676762762
18.151807296927267
22.456262980899446
17.089628631095877
34.53925895253905
8.72343778395085
27.79006534092962
7.599974815279497
30.474077590491827
25.991132678643044
19.100586265580386
19.846068518456843
29.648438341325697
38.857236121782556
9.618935364992133
27.79007876944197
21.130604729787777
19.91373465130036
16.28619276539475
27.667066901891626
22.328725122644794
16.71642846415603
28.581938640707005
23.509778840514187
19.617720847601884
34.130647561056826
17.22790075897692
8.260959333275203
15.227029921296785
19.81939015914562
20.030036330779804
