33.93343423025698
27.962126960548503
9.676364596364063
29.341179469435506
8.980852240322417
18.868022396474068
32.42746689146805
22.188201452954214
27.1325026640813
17.217878276466987
20.600250176060033
28.789354002764018
38.376286108542146
23.243288327784924
12.07405220601684
22.754532455440746
27.1561418268489
30.773053783416255
12.055640198132792
24.259825472338356
23.479274608178738
15.27221884320127
12.573299721918373
20.29857369874045
21.961401525894843
14.986216273048704
12.93943884885606
23.20083693861596
21.2917024894162
15.63138141425179
19.553811765955444
32.31151012329825
11.799460568697752
9.638770939638912
24.15954011418181
42.14255798988253
27.05916128688253
22.285918227923922
33.8668322097545
29.509613984927327
16.58552539964023
18.895955438940074
34.875527634705705
14.291046752271074
30.124331002021396
37.16784192710033
18.448208094767768
25.919950170591093
24.254164837980596
17.803101838275005
21.378415572132514
24.067254542343957
16.797039239750337
21.423588267911196
20.67882386174744
24.441147002953535
8.993512716430114
8.443303328196297
6.791563966812146
3.924715561779063
9.903628457128502
7.575236911114633
23.717238018588066
32.14580772142504
27.1719998429783
23.95333778997015
28.865793445039962
24.333213543432137
16.40379040694343
22.50088270861162
41.46125508585215
8.772738022926093
27.06056625770653
19.946495491090037
9.741920623342466
23.25366116697146
20.066923010652346
33.44247610256721
10.128264774900503
26.470569225355916
12.963291501290247
27.28330338866428
15.56862266840385
17.27154848620028
16.17175916187974
13.896402659032983
14.607630370644456
21.965178010668975
18.71598161809998
21.87568625434598
33.66300289738556
33.35832308936846
24.21689416913967
18.566093754584333
20.033193689658727
20.95227169229682
36.238120551535474
32.10119656929544
19.465000949154025
33.213080931964
17.96193264567318
23.405289020441487
27.70520117010281
34.07240020085017
20.308715974977776
18.840324067439056
18.44239632514998
22.26879801018
31.91911103412077
36.462633758668176
16.641309128644444
23.76517392890215
13.591716152452053
23.199698977395137
31.46898660538143
40.928696521998
19.86754475718621
24.622764231909844
18.07815455479865
8.898903552912754
17.714854207526923
22.261509679604007
14.845039013867163
35.728337847187646
30.347843765231573
30.075194960236104
18.95626291165595
8.45322687882936
19.74055654210554
36.16390519568615
36.498286515013845
22.998947807733565
13.841315745658951
20.99544889365993
37.19670019204909
34.99434924707887
20.788554530124387
20.11657292818877
18.990941643817045
15.300458874118926
20.40719260545977
14.993028538830078
31.859888463939207
29.42836331641829
23.033564846722477
16.533399070588267
16.96337293099011
27.311520932718693
21.92893632004401
34.56252707831533
13.655785963131565
18.0715819727953
17.354063413949063
31.430149124491617
13.440876199224979
18.010802884377686
26.336438861845032
37.815754931009515
25.37274253952898
34.130561531586324
35.873757014802024
20.380849181265962
10.065229660990326
13.889766965859407
7.960712601197843
7.62018215202827
14.921141619323251
18.24369627664552
14.993287772169467
22.879752237586477
28.058394755992
16.810538830998524
21.864614468235075
23.19879363556192
15.07988007838176
7.79111265572287
24.376061230898014
15.27940397017733
15.824452707741134
17.674360575036403
12.373442671025646
41.678702157698865
25.612626438321158
15.496315002420747
9.998174549028818
22.82263447626924
37.855428870222596
17.342034214491925
28.524778890916053
22.836097541924705
18.925293203101795
6.890795453592692
10.000250091009297
27.038322499466478
34.36262736810534
14.371093342159973
7.562794345761535
25.79324264501575
24.952057798677007
20.668240507683777
18.752057671781643
12.208637548858094
10.747396184711533
17.78655352692939
20.939168913306094
13.743640216492986
12.358337291196198
13.364610800134281
35.76229902693267
26.145034599247822
33.35556972538914
10.859228034334615
27.101740371073674
17.94223399574727
22.144516398319695
27.51532711910201
21.401169496107492
17.60835531852064
18.80780769451841
20.773547512809714
28.279096183336065
39.361119704617465
21.60032587195612
28.47044679512226
24.084158518770113
18.96531223840373
17.05749480101514
36.20029585514254
14.827335002187555
12.420287611432599
18.251531004355343
16.501357029362854
29.172925734028272
30.760890153073753
11.072496000162891
21.45700678645269
24.975114203707136
23.5357897194046
28.46516753834083
15.50845934811284
38.021979316868304
22.54583642473605
29.188825386893328
26.807868316876643
24.07805661381733
19.48410233724079
13.105278033752372
14.949951327945348
15.790654051981283
27.659048081214127
18.706271192051197
22.42021765016781
27.550415583788464
26.737855144809167
31.030624767856086
12.515234425629624
7.35042398895873
21.971044588848446
23.523354829950193
38.13350620872448
25.544691611710952
32.13673247468135
22.504214034145306
25.509160413347633
19.827798009253904
17.939874899988855
9.658532519771526
28.52862528576499
22.211176441630837
9.05236547798317
18.888413779337167
25.799507564502008
22.017799635695145
13.716553129920554
17.438545309944995
15.93327850430913
13.98691939038492
4.401260853317907
23.844877443408443
8.942213246731376
25.331887266478038
14.25688157112975
26.77486658863971
14.838101653369662
12.529818142538549
10.107160436369236
25.069607293027985
17.626139473326468
11.49615001416235
31.889172685839554
29.32810515223434
19.84648701807632
27.089639255420394
36.56347811175354
21.089992093818985
9.119403564796173
27.49452030000377
26.92850584213596
21.055743549342658
24.046421393634205
16.93945632283777
17.17542880662238
39.44687119657143
21.247342166770597
12.606800091741057
20.44445716360893
20.59457205497779
26.052837843111668
25.450440839693556
26.221706588558025
25.855762863873373
10.858327663476558
18.414194656234518
29.579725588613485
6.932149107083371
20.22437157443176
20.45508700142224
7.358421713955516
26.88409525512143
28.12044125427593
22.904455445531912
18.626246221997242
20.70214392782754
20.42536340375683
8.478881628207096
5.301249844265185
9.491573800777356
11.424194145068993
9.513112165733794
20.424631740714123
21.228485409590878
18.98230702433572
23.063617473447604
15.198159383197883
14.447096197387296
18.274999696029177
15.690141205502124
18.529595907223126
23.276992063179343
12.06770643661993
17.613374195367662
20.91498280021348
21.191351622528444
34.69804476027627
24.167587484357778
19.203761654083213
19.44848187669098
13.666678084379354
23.69764545272078
15.270163351328847
18.978729287536922
27.485636723166472
23.853612323667466
25.996202467777227
11.5621257450782
7.000181626596718
19.432713734049933
22.77567899499766
25.075158391377357
26.049134220096526
17.065426664850985
34.05197108056579
36.015247944031195
14.649229206844618
9.715620956143825
15.286480512205195
19.66954203048507
20.94595781003143
20.288463709123256
5.776106474216721
25.84952707325651
19.84282006880752
14.61716790062163
29.710884402860795
18.03799681203264
29.71445241608503
17.314602505928583
21.748963816210637
22.989792328583636
18.04563389072082
33.51472187188097
19.81190062775962
26.928897806655044
22.33677276950124
13.367418904615947
20.610388725792625
15.201961816934716
39.605310401214844
23.532784175599538
19.858322726309165
19.949316472148467
25.72819718048684
18.475836917215037
26.793097284951465
14.227087978181917
30.44052321898363
20.799190376503734
10.633996729305764
4.371441131648021
12.456355340097913
8.489219407547578
17.708654753970894
23.0508309954248
21.73165538649341
32.489460802730775
12.86357193108835
31.65964905574074
29.62416167914725
19.155091612352887
29.814583534074618
16.92416647710179
16.983257372802825
8.101644044305562
28.52987023891711
14.210887168988712
10.334453624651747
18.963686448278455
33.248985616806394
24.29415335642114
15.140941512495433
22.481610290296185
11.552112925296097
11.700620664646705
8.903675816168683
23.476229608769817
24.634095875724856
14.002299989699544
13.654190684081975
28.936413002705937
18.53066706967494
12.763484610986787
20.78178043212763
29.814273445107947
22.209276417444695
18.20891936344681
17.512828351996262
32.85451925289443
14.369719868003083
19.822708380608816
14.984173396270428
12.017698818606533
41.4401156331766
24.95863449967643
15.250953944632217
16.255871042554116
21.935292090925767
35.34479547539905
23.332466953083415
24.274955719453565
21.367849909503235
19.298633278550408
13.292215484910669
25.58080916304028
21.24294148031577
34.01115479793038
15.437624881595138
24.512358761313916
19.61851619774487
34.85163712301432
17.05493886739932
15.515986660170732
25.783138804922203
11.13748047540666
11.240506071401303
25.663616630815817
27.3069758785178
22.563767263858534
20.393533783020672
9.623969970830109
21.06314629484634
17.59350563371938
22.479366806931132
27.903635540008988
30.14724575327419
24.169938405978343
10.802770954524636
8.695559958951725
19.653827697856933
21.266838065291566
5.0150893220616135
9.305639236639749
7.03310689228083
16.45717778238249
18.963670976571024
13.687607166196155
13.700646180771122
15.174132989773712
29.431752139879343
19.999335792519986
25.470420949271414
16.734012229677806
7.05219972214399
25.94502381384929
26.858329606746608
17.755966863775978
16.14728305857984
12.35516378074686
21.440306503165516
31.1089396149058
22.59834521608536
14.641164421273773
29.117919749842343
14.970812525745284
17.014107997681737
19.370535015023506
23.763367409086868
8.16009298043242
15.543474456113591
28.733419663072794
17.642973066721883
22.469435746075533
37.528170837561596
18.973091300905274
28.15708073414615
13.291194868203918
7.527015059534532
8.70305560050113
13.307323215677405
17.105377889115704
27.504983650493987
19.48445980036931
15.164945123441832
28.50451729969628
9.664258124146997
15.642701516326635
18.10848804620468
23.803268806966376
32.29993015920565
26.030874095607444
19.17261009553906
29.502801272437136
25.317665333697317
29.15593147180748
3.9694554589977824
22.780555527253686
24.86898750266137
11.554285151641508
33.543104167654406
18.633707843545185
19.523881259350194
18.27668533933192
4.081303142635078
10.773083466271949
31.66606290483262
10.484063273600626
15.73306709740353
19.020460965606443
18.258853304140715
15.662108697765994
19.709667934542015
13.797995664805924
20.032038171440696
19.972611508546013
23.731786936383255
12.594889583118377
28.756811998916536
25.186373804166088
21.57161687011669
31.71635997555782
18.086780332968228
27.75906756424099
6.129702343684252
20.208130051347027
15.605414615728067
9.71079380670682
11.865012741605176
8.165735157166173
20.186183038859255
10.150668207487058
13.237650959361632
9.580794562017767
38.3811668773941
38.25368234374818
22.490207563154595
14.08786760803945
22.068354277414407
17.752526691614083
24.16524697824704
18.368002990095885
24.170762346753587
9.923696101089005
23.995258570199255
17.103610011885017
24.302817039149932
29.564725334613893
28.495140709173267
25.405213669979137
28.547348784921628
17.385597080342283
18.827034959425937
23.544570770271346
28.923571874566004
26.65515069766898
17.656473466792832
21.50554353375353
26.758889665733587
21.15038337776495
20.688246757359096
15.104370533213439
11.553890006723584
14.9255903929813
31.111152053013715
29.166038617703936
10.807190478913839
29.59927365203462
9.37886368770092
9.477476702622663
15.589239072984805
26.11342812582962
23.89449999943436
36.34136111264
18.388639700864758
22.9668254781281
25.39859203925487
13.735226403052872
21.441010812220565
12.427742237785608
27.70910336267555
28.226398326001803
15.72792242013523
12.55671299084493
3.2534691822061137
18.498238840504982
19.978451617611935
19.860437505889337
20.71818945406699
16.673447951025963
15.98354981326685
15.985912560889254
33.09247747214673
13.07861025116514
33.10776454652679
15.329724605684573
17.75309984936094
12.130379261636145
14.303364779473817
13.243194879203465
20.957328832304086
23.187747804417143
21.270583557780306
33.95768186608254
12.186741318011801
22.153588375848383
25.955394711759112
21.69278232223851
21.653850342827795
22.41413039248347
18.169017469018325
35.97367027653524
15.45392833190121
30.46400724268512
12.79912061832683
16.075091847434805
27.686553725824936
11.272569291425421
16.236905405789848
32.267800082066415
22.83658750293878
30.317621163552165
20.956411842868082
12.980630228890707
20.213090188631817
13.226407476832192
15.228123162652437
19.95598912352742
25.67955540024886
21.935534200128345
21.48283010048175
10.261818396752624
20.180643559873133
23.660347723589652
12.42782629239914
24.938355910217197
6.722755172819458
36.07626363607339
25.38469770280266
26.656117470114353
25.786348193127672
20.037088501760188
30.104549180031412
19.32338979769628
27.457002715152466
19.785893586829822
20.212545607208487
16.952496857995175
19.56086763063904
26.783250466049488
13.367858733487141
25.172298106419987
21.672901259414143
14.814075884899081
23.696404053253417
36.219196290376765
23.00395899304998
26.27485060420567
12.508842028346038
13.697329184802236
7.626731961248251
25.87646247932
6.967329039385095
23.122678989022525
15.005912931262436
31.371307489560586
15.095085129964227
19.470446270475005
11.368357717376707
13.063041236838405
24.1623139576556
23.41823616743547
23.548845636739994
35.798154955464206
30.404765452593406
10.28926317297766
15.581964071206809
15.014958984285862
20.536833940778227
27.449179307855644
33.6552057367933
21.739016351454897
18.575262259437643
33.481129880652325
26.624634393610332
26.729599444252493
25.385086217302867
12.279424198974374
20.22533514646856
15.464692711030967
21.85603228707138
16.262492011398688
24.20559773579654
31.34762400106851
27.230815209401197
28.341223959397308
7.694705015619396
18.764925891994405
28.86096674101812
20.84050327787073
13.933828399923076
15.009811944778003
17.251443847522854
13.781879319005014
26.019325756013718
15.414782122502187
28.136016125387364
27.520662161598345
32.2073632384416
10.105645063210755
23.82831431176549
27.043078810771817
23.996642770839173
13.780906770393871
16.757057423391295
25.03279759047811
28.923456714587537
15.758335526605192
6.201447361126542
8.368510992060044
27.048833476308104
12.562289903144656
26.93878915553053
19.75820596715704
18.273882534736355
14.250612992170403
30.976010390401875
25.41812395615673
13.90574795771848
14.387311416185318
15.952661212393044
13.215476443338497
34.22734669362809
32.15848075687671
20.01753622388171
16.153144231334398
20.54201627247538
18.343558953708218
24.151684833132368
32.01075480236018
18.631582940142316
9.437829159492981
16.680086642833935
21.110106578150283
20.844924597781155
24.117638141969298
13.090879351949855
12.42618390710135
27.238304020121976
25.735692398024202
22.80565450391324
14.76884889753844
6.0285491103321105
9.48797994694378
12.7452458371301
18.487846996334
28.843624193584226
27.666421362633336
23.20690599700223
19.420288594642603
30.101111515446835
19.528797815437116
23.168811110893515
23.450387701348877
19.825622245671337
23.752849974231594
17.494899170548877
33.31668756628043
19.45102017224475
22.14572728700126
23.994119149956326
6.717595874403638
9.927155686769565
8.556234808559491
13.263351035201042
13.020247275329584
13.289367096836157
17.50148581650549
21.36026072994161
21.29559229346158
20.60842652810513
19.840488144638897
20.97519751680606
7.916479874738414
6.8258274980786675
31.50543840172415
18.373342630000977
27.842107061567862
22.76735273634877
16.384088187603435
11.50804797654551
11.676481724934986
18.180027743601247
21.805151611885243
22.410253160584197
19.74923218767538
23.635935099870622
20.07747829165974
28.916140782108627
24.394079030046456
30.90723210198064
24.417157601909658
26.76275985054917
13.297425604796157
27.28548200728846
33.32767398393628
11.577932558955693
21.18179730653914
16.7162926213903
16.729476188493937
28.782402064436994
16.64926471160725
18.46643089200524
13.729550884895414
22.387487541200393
29.75833479722333
18.820401251919463
24.83569869082687
29.5251148013577
23.770872384300453
18.31813275002937
30.74802115126089
6.558381922734419
12.79132492607626
17.2623394965716
19.921650028730564
15.64315308826221
19.686998313766484
11.062589453961532
24.96483788406129
18.108408106239974
20.31866952414862
14.683963178275043
11.896505791891807
8.761434603660735
24.397766487558865
30.166331937138654
29.540313402381635
20.018803079711585
18.391441337778144
24.99073558299635
23.84695329278738
11.065104026614371
15.438211657382876
17.079228697398985
9.452679410288752
20.409794104608938
14.899398528108197
19.218195366778836
24.000579590339477
16.988394371606237
23.582267202051607
23.276399064629572
23.954674524652628
36.51607774571919
9.872254273545598
18.434301884490967
13.313033219755603
20.968546358644574
19.79120833569071
19.592353435332765
25.619318540898814
29.473792971540117
28.037427123781537
18.322164365090483
19.20956072588406
19.141324485640336
21.35741536988866
9.347614917747084
12.639151851517262
21.33474182752249
10.548355834267731
5.869886980933566
24.21537920758189
6.45627925291234
18.889124490806058
22.874187610978723
40.940625170913016
19.702241138873383
18.000443836179798
31.220881185567183
31.845440507959047
19.69297890579694
33.70707827701859
23.070146076493543
17.172062945215995
11.578004467442238
12.775569417654154
4.86173944052674
18.614810986913785
38.70562817810579
43.006533848031765
21.867871095795742
23.063136374264396
19.72960901975159
32.62852346670735
26.960594602161947
25.141363306642816
10.00232191257598
27.88311885910298
14.738701428965335
14.612427571164798
7.274198067588529
21.790395741937587
18.02764927888597
6.6303801763850565
33.38795841805592
25.283449676683606
16.70425019076583
17.381942705911328
24.502698102932854
15.457620567866584
37.228728673587575
13.784451160688674
19.69744973005511
20.501660209237688
11.918927609326241
22.25989562898208
14.356982163920907
16.095132576196608
26.238346557970623
26.57028027395407
29.741759654109806
17.3605467199565
23.749987939707584
29.58168407945095
28.13488996543919
26.38104183425648
16.688755312710043
29.42344349498885
33.907365544788895
17.15750767822574
20.494660006358725
21.18323221071311
15.48286925960761
30.7784965666674
31.792847637922943
23.884240295048723
12.056642069127474
20.644008856157402
35.136834322061134
17.201145843038418
17.044588476799163
26.66916592308312
28.445309009187916
17.8216214351947
15.880971352324796
24.765852825769585
21.977543855624003
11.176428556935052
32.31858718175756
14.041791319011473
28.56072804452195
29.540389668090285
11.471455538708915
18.317327442978854
19.844526728057232
36.19721022035498
37.426723899328
19.156423471549772
5.162926125955007
22.964971767045252
17.823648100074962
24.537339836466483
18.533885530546772
24.39730007005936
18.509997785502225
11.036083601050953
32.80153921910394
24.749316303267396
18.96334926971563
20.112280341382593
15.612582237775207
18.774486410379218
26.978918039050487
32.70653704631357
29.653338616804984
22.45214698007941
26.33503524034472
24.11647695294225
19.634042630559218
38.59674317866669
22.660486304668567
13.744003574597269
26.402116430487922
14.795557208020194
17.230188840605646
14.867933836644333
18.99175475119797
30.9606875500209
17.950912968610943
7.555022165990085
14.002470077243675
21.494405998998545
18.84634277573537
16.491162381444145
28.609916568314738
26.72024250486389
20.281833050673512
18.785378653703436
13.031723362135539
10.815701590135658
37.550753097165185
28.34384634240881
19.58863556853483
32.88882076516858
19.653418301976327
15.515787546696744
11.973175599938294
17.324471969752615
38.0282791880407
18.242547953388772
27.557321796559943
29.655965126480016
20.74293563870435
11.676326459498132
22.766503495964624
9.981323517062684
21.247416251611075
15.608276294204158
24.65145742570067
18.84453167677715
25.722450108722388
17.486423410415057
16.0732609914797
24.39772907728711
30.13123677533228
12.254063547185252
31.866099898820803
21.933771387388646
26.727814143988763
6.628440604700611
31.872955923215635
22.63525844365104
18.83500323183005
22.535127090895113
8.906667184650681
27.711396674970114
13.372625245897364
10.556462887614522
14.182917592310679
17.427086408125252
28.417121654439235
13.905346391956062
30.597025572925094
3.998439081015365
25.31701523012769
17.010303069418033
18.914955199205124
29.057937959993048
28.743995345985635
29.325380428716116
19.226270253836116
20.07539313331994
15.72155833845929
19.35496318788418
40.27546279537649
23.349398050552008
8.391365077109286
7.809887301027205
20.57779249041854
28.472595353067955
28.05444437799006
11.88140886625903
32.44442418576784
21.40601351800463
20.339812343399792
16.666868814091572
20.80396917645117
19.52109272824859
24.002001125434813
16.79411613186682
20.18118191163415
12.148076082582747
10.132622828377373
13.366008968452975
39.655259558800736
12.565796957425528
16.181465865270212
33.31736950572398
21.12679086020225
28.662718684395827
20.21985016450732
18.422591708598066
20.959361573226882
14.977278246353132
12.932321808453201
15.020000142908117
14.79507220261613
34.54294604251097
24.9970778019936
25.211667306790574
16.10458512159476
21.305276751291135
19.568125798057274
21.29869579602438
16.72125603530243
17.497176049187786
9.279099249861948
13.638464211122592
20.46227056555196
12.635610189229062
40.06051778806246
14.384329059488906
12.270346702939655
14.057301737885084
8.421095821405288
14.483091739367849
22.297798004166044
27.843613765369188
28.82970512062742
12.999555713449768
10.810377344045529
28.891648318655136
23.261905532501615
29.35700988804651
26.452655319126897
14.796073651794968
36.18871135828517
15.513343691755807
35.17671150585654
16.668718537539352
14.007035209366025
5.526243922993152
20.30164296810299
16.659582393237304
14.629508370261567
20.25248592249414
16.88296462290466
35.42581243207995
34.56982006927386
19.27338157009137
17.31674976497272
27.1465454343798
15.727400686199516
22.231478839976457
30.55074370698931
16.56249282445127
18.06067143052947
19.080130082388276
24.078128879068885
14.560526133167489
24.053932259658488
23.203091960383585
21.323551323204903
18.620552851705646
16.44664612744295
15.561740294046182
27.618300343889043
17.83178481017346
29.091670737766666
27.078147078380823
15.516303894010155
11.241478264916438
24.711845273829063
9.052332330971913
30.8188154423922
8.430815520698266
28.240456919076383
16.686239686398526
21.992613579566086
25.37233449654727
17.551740886743563
7.954406191071031
5.793691002405955
28.75565146368735
15.057510578548843
9.283566331837184
16.60838448852962
26.91900743859931
23.311902175498766
28.63022211993771
8.21275063305407
29.69723803151571
24.236483902661387
20.738074047206847
10.132295167458429
16.796373159097044
21.690879784354895
21.832391118516693
39.22233965628679
21.261084320105233
19.568815189913863
3.574101069873712
15.560275250013351
22.113529419602365
20.503808654441094
27.37768069109163
31.406790287329816
33.34995638962848
25.348781155218116
30.591781572972767
17.70415349314074
25.693752886042777
22.018102884228348
27.653133626600113
9.971965245337516
12.067177604851778
12.002547342182789
26.78586358323585
27.06475024962354
14.798732864777467
23.37773564984472
8.867466518874625
34.73066433229633
13.345411451925171
26.205132373174333
20.164241590086423
21.47551037152076
18.406749334042807
28.69483701764253
21.461196641860223
27.86076572082328
14.030686634290298
24.675156349342267
14.321103093579625
19.275368827604513
27.38713107124124
12.652515108811706
30.923211736257848
24.5642747765253
26.733932067575076
13.975508573567293
15.978600208845677
23.113750404879983
6.074977003601919
11.034337578504635
24.7815534191136
22.26098954467494
15.595718109858025
7.534518618375393
31.121032487150377
19.307212298294793
25.664239323777096
15.682946276012407
10.830643935551484
17.142802800742576
13.13520995309411
26.884989761250125
18.941242021484303
27.99363414976975
6.894576046290114
22.42126659947503
26.090506968508898
22.186650533507358
20.622406406718074
22.07349461524669
12.81566204818293
26.836263169144512
20.987337933927286
22.83520416395715
27.827457657997176
23.451635821662457
7.367478016384772
19.824508313340324
16.07965375558685
26.942387077273473
13.320954192998524
25.421353116180754
20.926003325908564
40.03203215498609
21.45748119594631
14.961201581575603
11.217296907598065
19.513149291308366
17.46448298474579
11.72195992342347
17.92255521161179
18.974712472292385
22.801692131261728
20.715468759255238
21.954107807615888
19.330688527772143
23.728485460922563
14.234319656086239
14.47774415765602
18.088767611690436
35.13689488279763
18.977175288314598
28.248164351112262
7.951798375928713
18.975861906858984
19.51965102206277
30.332622979235772
23.841604129372296
27.024637825438436
23.394282138538127
11.887561874801495
36.63505070703629
28.26281647537451
34.23297697625024
38.99574711287422
26.171043603553066
9.630473422951884
27.340207138092133
13.710138315328786
23.016086313533307
15.967409449373362
34.94650515909991
13.818647194495536
23.543061751503185
21.39653809925267
25.213148844406398
27.182471898303163
15.789884113045076
26.198761933365162
25.266036763229003
23.937025099087762
28.0189306058226
25.28218788912413
11.465198281016459
14.468880738228712
23.23604683461018
16.092270911183924
13.07439720941164
17.919871355745816
19.012958907455683
11.531898112343832
26.389982668539375
18.288189628250816
28.758189266869003
11.376964223695733
9.449241609879772
10.347799652591004
13.97400480640989
10.572043458207588
9.693337063101506
11.33284244916326
11.003233068125876
15.748897051176138
28.115120965593473
25.280062312509276
11.867382755026721
24.085522388716907
20.669383608019633
11.39891331369789
9.85887508407057
27.037888523810576
32.50682052802369
31.28063025748991
24.818877579532288
23.043772900731227
16.340651618652707
13.51001059308656
18.808358480970973
19.550135223646006
10.798744895603472
21.441592758313806
21.231522683010404
18.39092890612752
21.55862619967258
13.349839858954013
28.880098554525574
29.434508833934775
12.179713882380693
21.475270318728377
18.716512826708193
23.613806058466132
5.7304679865973105
21.06052906617293
26.0044712397053
34.598532557487395
25.5223311454373
30.680672818624686
26.640651407270084
30.57613708057464
23.532835399030496
28.089232719650514
16.343049576038535
17.86737583494523
19.10174349388625
26.57585289300657
17.234754365711503
15.971768765919547
21.33940791757351
19.409841254810875
35.320858529547316
26.014344965618015
18.88483424673572
14.537347905850147
15.775599315057125
27.94768240402334
30.14793888159979
20.41720622295328
9.980640716851513
27.965722245174558
28.269352284924004
27.58431343393232
17.86350098368708
16.321931732730054
21.525691871345725
15.908592844662914
8.489199013773263
12.803653943580507
28.87217009455268
32.02926705444958
17.516623078567687
7.67663438323996
33.579564535740985
19.581851559335803
23.295573777616475
18.3880493187704
25.81876150518713
22.30556965137857
19.847545511933085
13.83646951491173
28.323805416452306
33.18361009427942
14.877080206577924
29.720493658727335
23.062250008351516
11.29720936365631
17.14553046651858
23.847591047174667
23.596603186118347
22.968960926449455
19.735224768408717
15.370686489316327
26.288334051488604
24.42886614882383
18.02121153656413
19.761933565834514
11.793026200290017
26.34402653088383
9.661448177347866
9.049188436335683
26.709255945904722
32.59133069466598
9.263137993127994
24.66162383641838
19.509117750368674
18.82458559378544
15.14554798371223
23.39175399069984
21.928703397363698
23.718035529312836
20.091494158423032
13.86439523808817
22.78248251794537
20.559074478412533
23.933853762514982
27.687035141459255
19.090213486235065
12.550344070837328
10.265370780489459
28.498411285260033
20.60751043909121
23.401257798670763
28.962099545508803
5.602070658644231
24.20476607962852
28.46814760371303
21.086832987412706
20.67383797236184
27.190736059647058
34.408596150411064
10.988226815893244
32.94417616301769
18.808521298340413
37.61932590311189
7.5441685648942185
18.69878605715951
16.05659824868902
