21.62188105558464
21.419532295415063
24.144016027752556
24.48637277477498
20.559369431201198
25.14554178306315
19.858760049830792
22.377734567018422
21.206510040767114
19.379738622938476
20.845249631406666
21.193989025977277
14.040787151882583
16.42842624544217
16.144790374258065
23.590846459678843
21.475917550525622
28.98532973909408
26.07219822757455
14.101272645108956
13.934644889171233
14.104060281353547
14.774463826887255
19.10034836888893
17.323365282302397
18.37654489948411
18.361652216777486
21.74749021672639
19.03916489263993
18.80254159269308
18.19995593521644
9.108092935507266
16.187624161617507
14.552893080138848
14.13603849189716
23.233602851330325
20.314180512584468
20.17021169405493
20.92839880211329
9.191525426686225
8.215901887993981
9.423438540241774
8.470766887066913
12.83141441299927
21.269238675436895
16.58364339714206
22.725352570738163
13.086076514618744
9.381876264061118
8.669008163311352
7.182930781703259
8.817875818642626
12.345584339901656
11.88901694213806
6.422228704451342
11.398800478791097
21.71482648739269
22.31964457407882
23.676810217467466
19.189411571689515
18.34066403603512
19.345179538123396
21.61350593582723
30.027673372401672
28.853290557735495
28.4061963822954
28.62830833660534
5.419885803310163
10.363013850023815
12.125363175825875
19.310528625615323
15.26898252792567
10.38334624463041
9.063309037808397
10.122407331241634
24.29355661906814
23.2788996175165
22.573373581704058
22.98776753348003
22.02125831438842
16.819433910884438
16.08686544074469
15.955714602906896
20.77798981752036
27.221334919616158
28.67488168170699
27.008313339941317
21.130529862241247
12.89234987866553
12.654234978581805
11.467918952566109
25.379656858341047
28.370013042688814
24.208750904981787
22.48630997784866
30.75458351393941
33.01311477429192
32.54924900257691
31.485049433508713
29.458754370595166
28.60293640545652
31.57629359092025
28.680279122263926
19.06083058502104
17.945243302178824
17.497232974457802
18.968770945830634
32.04086870124169
33.11474141966218
35.546675932159424
33.73842754055713
23.448353592573262
23.51462364394537
23.827888182229422
22.718668819575882
22.89193006171662
20.224263503016278
20.382764204709638
19.58885385186026
4.809636385025962
6.126815295384187
8.139509077651194
3.6460467710376925
12.086080421184498
9.906514417817371
16.256532616778212
10.832004931189047
24.139319889297497
25.888460435185156
15.642874412849185
29.971784678036215
32.11008532022261
32.163831346626495
31.73350050148852
32.453695161824434
23.856573879455595
24.805796922841086
24.286822118413546
24.55529934313019
26.206592560566182
27.069941095457533
22.73695213361574
22.837657037110958
26.55296446397356
26.588150919132314
27.432182035358807
26.47590987142962
22.145072552193515
20.776292857674946
24.443252229614917
24.649047938138672
16.717092800473875
14.746521025077945
15.671746082679164
18.71977044021702
26.986299927813203
25.990385016476086
22.61864927879657
21.93525866222968
35.03369715526576
35.387707568377536
36.030535304512
35.9285581862263
25.784642169472054
25.738287285756872
22.244292499246956
21.38929422637254
15.914288290766976
14.996245719100985
15.909044329198398
16.06134753854204
18.17413619382211
18.509253474756974
17.028232736410157
17.240862149691452
20.838005423263684
22.307049829495966
23.184831751189222
23.25604995244063
26.25845912781388
25.33999990741942
25.164093627758476
25.700764356198054
12.006351440301994
15.113415701815367
12.864349299786612
17.373807452942817
16.21080008301613
18.68212287801369
23.401897587455935
23.204989959267152
11.960116872654167
11.556948534368676
13.647673695821844
15.347640304469708
17.851366643872478
23.974058286585976
23.14902386966573
22.849529949249895
38.771275373698096
38.47010174294529
36.677252354325205
37.145849070518
8.677150878898669
8.729550948231058
8.961461760760173
8.791163337711888
29.201702395002137
27.15979887102859
26.01373817007371
27.470382814874657
22.542102755062718
16.40436173383383
16.920746657190108
18.34461591462231
12.827830429050554
17.174034833377963
17.338429350030303
16.571994586706786
22.25482928291005
22.571019506635764
22.687472384306794
22.13049707497483
23.05744769045052
23.7759090783094
23.560909459849572
23.72997853194084
25.422214822368424
25.62251110548233
27.329975302254816
24.721831974726676
10.692371316607932
7.994927323622086
11.32709580627446
9.322336176003448
5.670415704084457
6.838037594141636
6.578352896545259
6.492338092056913
23.88911537640279
20.64134836694634
20.547881791257723
21.791394044811167
8.924303369554773
7.614879298700006
8.14275332312029
10.200411619389886
26.37487398830611
16.536704032289514
19.753673688898868
14.145220658497411
18.49153375695486
6.833474108225177
6.854134545076604
7.71784862160851
7.245426847497567
7.314348188967102
7.466159098908992
6.907824480302225
11.644439562793059
17.877431144470602
18.43034589558178
17.304196087967775
12.970560869471191
10.498201290735976
10.355546609309497
10.951649491305888
17.069825047861773
19.662135050871186
19.020684206768973
18.199061918041423
31.68718563864187
30.2563764773989
30.210350126158712
29.77321722445357
39.70473584039629
36.911621775160164
36.23591400593639
38.519800376296814
35.50414701373824
37.2221770242329
36.269791446476894
35.16280844009683
28.068850386544128
24.340658227217496
28.12371073393727
28.39006574265196
24.264349323485963
26.48003035631605
30.452455807342275
30.310991841085038
29.828071011015563
28.01717594886536
24.149924657956163
28.135573186136444
24.11807705645854
33.93107858085951
21.265389320435453
21.71944299623762
32.28935910515184
32.26692501790954
26.055112004032527
22.86777313902905
22.077554876442328
19.817140183094754
21.938290533154582
22.672362358108977
33.06393278499415
28.133078175751628
29.42416441363117
29.964590215711397
38.235432422694764
40.902735217702144
39.531368486403125
39.01019215031455
24.003476924953475
20.636051602844077
20.75758441817589
20.926123046100283
25.069722396656765
21.014938982976755
21.188437856067033
21.9746442663568
12.936073824614386
7.201821562401389
9.218556363071968
14.4605122216154
26.602867444757383
15.139800671090592
19.44284485206801
18.885723249752978
23.040245319429236
32.30441556238735
33.24384892119338
29.933998869227143
26.249294369581243
28.691659749378545
26.875537318397964
30.230026309819483
6.366779814192365
6.705450506015299
9.436603103569704
4.64084166684354
14.121164216505527
10.806261068558639
12.115739542351818
13.574679285908399
16.522309654664173
14.850408932847104
15.438122018193846
14.371064521315454
41.678613732719064
43.61538116466433
40.37276168193181
41.555961226136255
29.143809357419435
29.06559987169057
29.350377115238977
29.300050628150153
22.288547717511175
21.98378178707222
20.58036452077562
21.366675462891127
25.18048463514702
29.551756309379627
28.016609710710902
25.856747305159157
13.863420077803417
33.02831752561881
35.128144183267885
29.02428525078425
7.3625652334143155
6.6171042947266265
8.499898785078965
7.109991523009085
24.04171492541572
27.848943134000326
19.823040557151305
31.384358239292904
40.21282631776758
40.832269974146946
41.159135392545394
41.83208593035063
21.074970770418382
20.303940938396867
20.90518366717196
20.454335263583744
9.905631791392837
19.71534982744124
22.508814929928477
22.88970648754417
25.115017065108383
26.6145798145466
24.902130929036616
25.12565253138422
14.020180059427464
15.735379322363626
9.80893736500538
7.177969056083293
26.15904013232725
25.457524511937706
25.052228823548447
26.382014607323672
24.563803463079836
23.03401761698036
25.64986715874656
23.47900290520465
26.857294411552825
26.593626404677497
25.55585925995091
27.227238472265544
31.112219418479537
29.3312178560958
30.56207911864256
30.619589237635147
34.43735390451925
25.04576702965211
24.181512236011205
30.098209663414654
30.878507198905744
29.244279575425274
27.067133357030677
29.32515760796139
19.70772952243483
20.13114366509906
22.271111467170595
24.293690395380466
26.55282819830856
13.625222755696036
27.07385613124043
23.161849394788796
22.232162835895057
23.64225201018694
21.83195922332355
20.423886234842435
25.36452711872051
22.922589927937242
23.40868140644943
23.454547018357527
13.458611374147127
14.922875021301188
12.464491154174496
12.36030195448875
7.709530636642945
9.109646169401469
8.47429621202229
8.998364438915832
12.007662155035714
12.767219568550717
13.251381690034028
12.831567373491815
7.856070695163668
6.814467512033523
4.784609241375914
4.6763876474483
18.98822171048243
20.376327835375278
11.237203502922439
14.851118314451785
10.498145643875011
12.391745926342892
14.014654836443002
13.754250248814252
17.492885555311336
17.09669532532823
16.857402445161256
16.916781170135753
21.110657631237853
15.473856623357461
15.798148029342434
18.69601308830807
16.08898247825498
15.717143914343332
18.40507051225316
18.288618769766956
5.161937601760895
3.6845625824621924
4.094818949780165
3.9254929456194043
3.6012373306148846
5.336220876489915
24.976918321934473
27.093509810094137
26.12980611061381
37.040198999828085
33.212687236776375
32.58141713186874
19.862803673748058
20.559050378801633
22.493537741495256
21.08064980431754
30.366379079573328
30.878993306008958
29.15459058735173
31.455238737558144
23.43955819766754
24.29546153078159
23.87637759110015
23.18699027336118
16.990263465691992
24.614642531040612
25.095888323922026
24.111135039493195
12.861549139083817
13.297552335844083
12.35561173345923
16.330962443760622
20.06585833816087
17.427970896825045
17.58352933141801
17.650585662154732
20.05775385308109
18.86679194164114
17.249149907763922
15.921091951564541
10.794719401975023
12.772708036950059
13.33076057867874
13.363261497109464
17.512474880593256
28.060518137363175
22.79802033713675
23.082884995463367
19.710177642811235
20.52778703205507
21.454379728233864
21.829396303971368
21.53792131771076
22.36790468950466
21.17261680393838
18.18395872506948
27.835770803230655
29.123878462372613
28.552179251068054
29.2785791638282
5.2772259097253205
17.84333016871151
18.835533425332347
17.855783103389548
13.396970640467156
12.774632396712024
13.681300935601511
8.275292510871518
8.124436497495452
7.301205293605387
7.3922133767024825
6.258681155415808
6.783280122758719
4.240331371763152
4.23820569896749
7.31273046690613
14.737757140027748
12.283430630930697
13.801859073227217
19.841020055470675
28.086928242357686
10.131477878163892
21.606744980214977
20.839607757225192
37.744957277947044
36.99986866396838
37.02515630056677
36.83987943001608
24.912091254509647
21.952734321396704
22.18238986227839
22.35106952803259
21.884374459151495
20.958001724272854
21.07414742695766
21.524802747795654
19.757893242555927
18.921862211788945
18.724261610483055
18.291684394954988
17.521094341921923
17.59294341505423
17.818566754764394
17.651607517636688
20.288513545570655
23.384545978349955
21.29878686523968
20.74879709504735
22.66901515365364
21.88067007404518
21.707736918774913
22.53736580731128
20.30554171602572
23.472528937071978
24.125644376807617
23.8046423494703
23.27938165754292
7.568039451968836
7.9156620879469
7.0737659283383945
9.421727954300119
9.821264904180506
10.085324146028897
9.177254990063206
11.322495555709144
10.629719624490379
8.79164448715169
8.445256284441431
7.5068187723904325
7.877566823303527
8.55670897432963
8.410100155679862
19.290096631873165
13.900777473451138
13.899313380909637
14.378752519508874
21.705726352412988
26.482425635497446
22.9089712021228
22.573817647673895
12.812838764764434
19.246480796146557
27.05428081816153
27.812647073483518
27.36849417793309
28.691406275170387
27.438075255238775
30.100781496742023
31.956150850332243
30.186165607153242
28.22908171495209
29.448411251556827
26.002395078714667
25.029946203519145
25.24950858430594
25.44611943876358
12.848784448082494
19.189102957865522
17.512781239750005
18.662567008330253
15.843751017614194
15.733697263858888
16.08148281054634
15.798583498544312
30.94538730809993
19.23764040661783
21.080900730193186
21.363415704280918
22.190328436432935
18.474639069285583
19.076930266040925
19.467050293404153
30.79851299271525
31.174815836867694
32.85369101016021
31.436992668536927
20.58227544178452
21.113593517169463
22.544470578384182
22.557855145063108
24.171820891051226
30.032913600736318
21.0552266076123
22.400400707961964
9.046852540123725
15.673909369675728
18.44286753951085
19.395832217607065
17.837634183495606
19.703522851128437
21.231419129924138
20.990983663371154
20.35970074854985
19.959151239560867
19.809793001765986
20.01788730401835
28.718611888842652
29.020551401556606
28.75505679348044
30.10945864788923
19.35538311349993
19.153156557531034
19.787301017876207
19.465183477758593
16.682212148118428
13.815345031037376
15.343764430666434
13.682221134371108
27.744852260070566
21.70352930129377
20.844330721728266
20.441029266129952
28.424400805443362
25.593310318988706
26.036213143411647
24.79192690415601
25.295503483655995
26.23377690451578
25.26004396272883
23.817802591521197
22.776750593825252
8.187829940662603
8.964788570698802
11.470039288540656
18.54505250698744
12.317910119963429
13.003476522601275
12.496470852492212
27.722968473839746
29.601511730649374
30.139949968216797
27.137217011973593
23.908968862444464
22.457937583607524
19.730394539231014
16.833422009170743
24.558037244007583
27.629798368478266
25.76307477189722
27.18811375315233
23.5026565615972
20.35898152672062
21.301143110141616
20.46074605364499
21.532521890631912
20.130720069090863
19.69468122179794
19.670689440466333
27.874204489692676
22.952683853380943
23.833294476245367
25.242104100154823
23.856607535627163
26.373830309330984
24.912321960128324
24.440583949301754
25.48311263465668
26.157896057598688
24.7804986071211
25.385306021376064
20.50972500565951
15.596506280883288
17.67373281793949
16.72609759203176
19.316359100308308
20.418086555117586
22.667359726918622
20.625856932067656
25.29873413607163
24.447428425184146
23.65514719103134
23.843320489720686
29.80174009215568
23.44594144340723
28.94304783733781
22.603090203544994
16.267677703382166
14.594666711962056
17.125860752286805
18.42098613990344
3.7191275799794843
4.20467863585255
6.716279353373362
4.973680549069743
14.907757517132785
12.714338912265726
18.102464078380027
14.64177338116967
21.775209987874955
35.26388486915751
35.24904695876022
35.58088596714906
12.098285284714159
15.415862052722552
15.777463334203512
15.564222878793327
10.978099410458084
9.20086391659138
11.415065612496756
10.5140897399815
21.87988718616396
21.241984352209816
22.257509666259615
21.080240836940366
11.171971474170066
4.439627733025664
4.897145763801417
8.508161308338021
28.62837536933226
21.361436736556467
20.27499416709625
20.954664702580992
23.779522556346514
26.4641308423146
23.726267825127923
20.22683772736247
21.741200925864106
16.741330634994977
20.413159855594905
20.83587670370171
31.015693756525888
25.192460018533136
25.63090869826163
30.006025216122662
14.587184815748119
13.242540932317018
13.922524026112658
15.186613177621608
18.580535787968127
17.684449594593495
17.929297444152283
17.441549869731308
31.2769875788886
28.250995922719262
28.902941296285153
36.15628146892302
14.55893806363819
15.636744711931824
14.430824815128402
18.618279513250492
10.523804759140136
11.452716461144858
21.43526492397509
22.14207996058642
25.265721457424863
25.8408068239982
25.660299535617714
25.714803224755855
22.009313544361643
17.14050038392609
23.569460105301125
22.928394856087102
22.729406488353945
22.067804206610454
20.242183417548002
20.51379874006882
23.342911172745445
22.05754169468964
22.949218872205215
22.684024136415054
32.16472612406382
30.209010974726755
29.30381844499133
30.152528144099815
24.998676620879948
25.81976124281542
25.519803946364405
25.978227956763284
23.690990256065756
23.024542002959695
23.642357683603105
25.554664245819115
34.79878406905138
34.258843848816376
33.01188948476739
32.64243779796484
18.232546053668507
25.098471131063018
21.704185442400696
18.679606761559796
26.41922385183944
12.988884564502134
22.114642353456034
17.182376506959045
27.2004560935375
29.270587041851677
29.206729034691197
29.21211268867633
21.309832415050973
23.479902204513415
25.881106665457224
21.297049564236968
21.144126514630834
23.25895210152461
24.88646455142582
24.672016961067445
29.35733169434574
28.34076728984997
28.65779632670809
29.306305224860175
24.653881734378533
20.32393742621169
18.354619139913243
20.708327926964696
13.5621380683648
19.297256501388222
17.350254749549926
23.40348178545861
17.92551705719205
15.292798033721338
15.95520627211991
18.080444827933462
16.822636626354303
6.637012512284156
4.376732855693444
16.474060472435845
22.21770797226458
20.145293440167194
21.06919500032658
20.86269294583405
15.112917620932787
15.781856686359353
16.80812700286652
15.136009826511856
21.359969059741655
21.5997737924496
22.35679962043653
22.257887727594074
15.165910869113583
10.921466203972042
16.395913661162652
15.900040342246701
12.200589188506106
12.184993952257086
11.099299057850729
12.556936013783321
21.30060127826056
22.6932222894081
21.219337392707676
21.13663904249623
24.373620233259835
19.44350668933693
16.391094688503372
15.776494139141738
18.768251788645085
22.108252522312867
19.124256233015565
17.53423866097209
31.14862807062992
30.531789190704956
29.998187790962284
30.891242733562553
14.096062367964272
18.93454773558288
19.54047992310278
18.60422601767978
30.68100316950299
30.406625539898247
28.920051646743858
29.285593025253664
21.84343443532007
22.66922669690597
22.299571292141692
22.01800603961068
14.681688888816506
29.298442164607334
27.51429136969645
27.879299803245363
21.04176662442586
23.019894601587524
21.50396627601356
24.351847636698707
32.60925373100427
25.66534439761167
24.330842793236492
25.074303916867613
15.160859973961154
18.78376284840537
17.256623465188444
15.988488576805288
6.101949127294112
4.22706979147596
5.609661038520738
12.051044192425861
31.79724435895721
29.199205523992287
29.029271903651757
29.115510406086692
26.618915179113444
25.71485733663917
27.698724426962936
28.170577066063792
15.836856912727374
16.37520705671744
16.758035336587525
14.607495589069755
15.191940842567995
15.11305773809971
17.422011800521275
16.069079628422642
11.920564568874466
13.617778176052347
12.21233113945271
11.983564220895198
17.34086083745813
13.674713536557496
18.503216093077757
5.410137672077035
10.728285398263482
15.670738127320286
20.095285432049778
16.10723302193777
10.672371394018915
23.663525240477096
16.695646271364712
18.122894897393657
15.455348687192874
12.77845078731746
17.398552750219398
18.634752109028888
18.988626478573675
19.050314202716056
24.304782877300823
24.27919206353696
21.630682866996164
24.2335301301727
20.3050303006044
22.728788209868263
23.145253119155946
19.622404200555966
27.769674616402654
28.421280985436628
32.31079240483097
32.31999151997721
31.89422020350061
31.855815430569795
11.471459651245173
21.581712528541768
24.778918049278523
25.549162350151754
24.256751440603228
26.09000555260574
25.6593496144816
26.683142522390433
27.667483689656265
26.392262309458346
27.194819304771865
27.326538684778154
20.55714238879931
27.74272182856809
26.019733065497277
26.28253833277086
27.07352768301237
26.93898463863698
26.284389590968875
26.5192100050891
25.864009262968484
28.755837144479564
30.78324865743419
29.79502075537024
12.490325032518985
19.680700033704994
13.19885315820208
10.395754139267126
16.16624154896554
16.864719119232284
16.54786181162234
16.30495610195482
21.479974592956403
20.696874218082968
21.113815900276233
21.142146384010953
14.501356431636601
15.578410674215732
15.454749384346957
16.32687159524098
11.565706281197425
14.31525986704286
22.940777120213372
21.66021530162908
14.099086977492687
13.791608531569588
15.879229690055835
14.894209583824903
11.584543314385826
7.431993671440306
9.846227335218465
16.112150005114966
24.818820653876553
16.045816244914846
17.461648948539796
22.947033432758705
27.100690067763463
21.437253917192777
21.86319909428991
20.107062749469925
21.62933856390199
22.02020851090486
23.262481437231404
21.609891461070603
24.77720804403576
19.236838304196947
28.551906806314967
24.13376655496748
15.255010061978368
30.467625784510847
31.69747854629226
28.489195487563105
20.35165082540631
7.728022135417219
27.915626916551933
21.937589645048707
20.61508216356598
23.92915032047778
20.808894691072197
21.04835100300061
10.416906931472742
23.142490777620036
20.439176958369256
22.029856636975197
15.860421177760287
19.483051463332362
21.431999580773486
21.477436037323425
20.89515356696117
23.17613731092126
20.309638210271665
21.72885323214253
23.364217872512466
22.450905067977576
23.094262785093182
22.49964597589486
12.91336453758956
10.514951109169862
10.25231974275461
21.473730038516447
32.64092961857375
28.794191586099092
30.243343212196145
29.49170081385914
20.747322651872167
24.888274218270077
25.10761153257284
27.619576019039744
26.80171969559996
28.503505417117914
25.05113631810962
26.07243408264017
30.34508949763792
30.32947824005632
25.28404702463362
28.629053327493143
27.038863718947454
24.23630550515524
25.272234389857655
22.855332388853682
27.8334068907255
7.591278778195282
6.039137286513461
4.13144008213777
23.58197625188327
21.218274338956554
26.434848445809536
29.66318291932033
19.39907599625621
14.403072212219037
13.905172008151442
11.13614722001438
24.495114261098127
23.511795563932314
21.466489204115472
21.0841507082158
14.871922807593151
14.22564870408153
13.551061854661574
14.326481230828414
15.023166201849419
11.35989601663578
7.689444827061661
10.218439778109769
29.381699819724197
29.060713855564515
26.76925820459596
28.367190212243358
14.530314007005057
17.45147989310103
14.153732243502374
15.598180576146571
22.301946155152812
21.978327530184945
21.772652797870947
22.261004284512335
14.751793180996188
27.668620084191883
26.038091344096884
24.85443085477208
14.04268855651759
27.171565830876695
25.5732161413473
27.73258981067191
11.549767435552358
6.572055574917428
7.740575785781824
9.36380317878632
22.902714807168703
15.071862918400237
16.978310467217526
16.209380172171855
17.14788915976837
17.428447454345882
17.316146427624375
17.15699121064187
27.4284776428317
28.614800266498257
29.28766279231888
29.217055934541836
29.990811146942583
29.360596582283222
29.58246221555277
29.354129061810262
23.965435707331192
21.533381625522168
23.331613084683053
21.83229846160035
5.571494368718981
3.928302738927209
3.9995724666432886
7.020018132860885
10.722285512889602
10.923574759995079
11.953910080984212
10.812611019500602
23.91288348325814
30.844447001497635
33.07704197261731
31.086421747473807
10.849943693837702
13.369369498674285
14.222715828334904
12.867594435730526
15.624390522999484
19.6981353407008
17.59490443582346
16.86306758033161
10.187699742369036
13.701037639849583
16.112391790646825
15.651052723910041
16.927223322981284
12.706711161603542
8.222568661148877
13.114478638270475
19.0912103677048
36.904284736353645
31.359022837190235
38.534621577336644
21.102987071258024
25.411030814217145
26.17322129826962
22.00255531071407
23.40979208497227
15.962224918401299
25.086950446865114
15.60889236707918
15.907344873800009
14.72482758666166
15.00409313945288
16.352209917095802
19.58841594999431
29.100267148480267
19.263750736188985
12.572724591327901
18.305462137988734
17.634740395936447
18.901448411562008
19.979282251795073
29.89418655480455
29.857433805104183
30.546494607767606
30.33088402317895
24.001668257020555
22.917404320288256
26.567667024208685
27.585643503440483
16.69400098283117
15.942289698389636
20.685506211158867
21.846748354902168
27.853685196480086
25.61014363854908
24.896845520985796
26.335819833762436
26.790387674651054
28.660485424037088
18.440839616025475
20.995987214892775
12.345841040924602
11.514831498664691
12.57565464268481
12.820735825875616
10.836998008472225
12.975395042819507
14.637150744181143
11.463095672460172
11.00184308664698
14.894260951007558
9.228803947642552
15.884788753873734
19.869583855688163
12.82107368708912
5.934214609727436
4.330097726441055
28.62807896988549
28.722483405249598
28.97774177588242
28.17605979564464
36.995914603363296
37.11553638017465
37.16667763564588
37.46226853544049
20.414853254551012
18.461675946807485
18.47644458151133
21.485789088408797
25.846809134615402
22.55476053599055
22.016764269638983
23.902355152794915
16.864788909004254
17.000017823472817
13.865343528076064
16.47122976140906
15.657666008270482
8.390446346220134
7.497826903758475
7.198241712109781
5.126636084339345
8.393538780598485
10.841318409543215
8.516896821386968
4.795062606824558
15.031957963693046
22.193483471393975
17.12684301767365
20.680145436662883
21.752032876238882
24.139917524330947
23.130795359064383
22.823655018471065
22.970153129375117
22.96349341960011
23.034142433371617
17.257768260588158
16.982568227097033
18.222153712412723
14.513406453973658
7.890100593957153
17.11056822690465
22.8212177617042
21.035240855715603
15.42313430846653
24.345818157361876
18.52437023597085
18.39780473150335
11.19307912913179
13.74800946680944
12.662668405877364
12.344557096543191
26.270286433889424
26.564030039377204
26.003372920216695
25.381844511891078
28.928041164950134
25.6972182351944
25.88158045572105
24.559744416030576
14.286359914621478
15.453553626517119
14.04143800226834
16.752697362574413
22.60267055519491
26.169293140970627
8.632323969451607
27.35398483500971
26.54501072184828
29.228026183416755
30.330716247806887
30.578845379820766
22.96498669442852
21.559073677639123
23.426051457504524
23.961127418753644
17.515915706235692
15.864803967255137
15.575967195061011
15.60182573561982
31.24297487558349
28.7173075098499
27.435228207086844
31.662670861239818
6.5776908100318865
8.892915191141999
14.55711096945553
13.087992708712195
21.92194517446683
22.996091585258792
26.0825203180289
27.357122492594286
32.43816716163855
32.82445630282268
32.89673793731497
31.600997958516
23.860908184880614
24.32221920670302
26.8655987284867
25.357053091700426
27.538903696228065
26.35936358096098
26.459172987737773
26.545421579163296
24.462572970075904
23.011836081469337
22.181645517091635
24.116316845104286
26.443967179510537
27.284288280814547
27.225169121026116
27.726126860103037
21.043460914123276
23.529435997537448
21.826449571848205
19.78588550976995
14.925510811088868
22.335441466559214
22.201608179843344
21.91556198639463
7.567066409335514
9.570043483311707
7.770059308384532
6.4149794559950255
9.779661447872094
9.852214122150395
8.293410403596708
7.909620167473298
11.013172790388962
10.128495712172962
8.953146987276234
10.513731002149008
10.023363627380858
10.416264693964743
4.679766125071267
3.9447125017294993
22.780920760478633
11.481507695295981
16.190273122558978
15.783988665926262
23.13100104641819
23.34128623769888
23.95929852905251
24.577437443556946
21.530066045072328
21.98267363823434
22.358797890573985
23.53900087154212
16.34265712733414
14.965729092195332
16.027622164849337
16.350266793864368
17.439846260285304
16.487162660663202
16.8654576479135
15.293891043758299
24.531509140979228
19.490037029888402
19.30389130156121
19.73725740692668
21.333640471756166
25.934056949280656
25.262196692558867
24.193733640471187
12.03523575216547
14.566734091190206
13.14561468592527
12.712574018732127
4.679247474685614
6.157939970395431
7.802377095665881
7.13225511272454
16.380938824967757
15.248622091487055
22.101712228993897
20.75374765907883
27.212450741377197
23.635607504680856
24.71727058223625
26.10824669152153
18.536338337862194
21.64481490734355
24.982657851132934
24.215163806939888
16.931116816171457
15.876831486447331
14.898450599564415
8.419286020865737
29.697237038412894
30.58458784112772
30.646891058977136
29.137199076855595
23.23125626523585
23.453132167563407
20.67822728879808
23.724051694741323
16.528533050319265
17.41978146895913
19.6100034542823
27.562673634749487
27.325997705623617
27.979247336900432
25.72901837883481
24.361923543313235
9.481580495382506
12.354158916962945
11.304827338061488
8.62461097747339
16.140170452580445
