30.33595833431851
30.801791090281228
31.436172442236728
35.49474360892728
35.46738809113982
35.70148721238351
38.691675493852216
40.32690242987143
39.15645185927621
29.858461338976944
34.281394963095856
29.403794239696943
29.70500267891127
20.186094521126265
19.402880632829625
17.577287963774612
17.21367216331219
27.967582655289736
26.4867552669239
24.73295388099116
24.363694127517004
3.869702968058363
3.5815417857464142
3.56225942348669
3.9768525347222625
18.84729232814331
19.085703685236645
18.80678940573296
19.836475323891396
29.106289484154598
27.39615496156356
29.94863172923867
30.4832750811522
25.39046113136258
25.351152781105824
26.84555003114269
25.484375761266257
6.768269948364072
8.675024221959003
9.16698643216478
10.115467545815251
34.02207896161374
29.757662134366623
28.67748657782824
33.8087982713508
28.643373070279658
28.56623291397243
23.62566132203449
24.221330754570985
27.508155071747495
28.19661273672422
28.324147834025613
27.853408954093553
31.436079121812174
33.03474465752396
30.469953368514542
27.69987572407457
25.86547682535801
25.845618293517674
26.030512334727277
25.889853823902108
18.65433170593213
18.294704660559578
19.411904328015826
19.20549199825022
17.23928643140223
17.19459207935765
18.496720096351574
18.273612856152557
9.922233283930158
9.989635258389956
10.979230475845464
10.947075231189826
15.078119415371885
14.593543730275915
13.578309938936725
13.347645123267336
18.247517591611217
16.494404602211507
16.775057008523376
16.691155361078508
29.16146299708858
30.345187455647693
30.91030481752518
30.517414121608887
20.763257645590468
22.984813943115203
24.739560322890174
24.15202080886729
23.525690705827714
23.253611337203978
24.307197599761892
24.213078712283185
19.724140511732617
21.19421824809325
23.7048362145923
23.010858604379308
13.066404133365054
15.614500546018423
14.503412792742969
14.877245324542988
24.972201969164924
24.86333406825572
25.25850518773028
25.471863879311154
22.365261006184316
23.089708589990977
22.434201119316334
22.860270455053744
27.74247953543823
27.153473597963618
25.55263532614976
24.843994407988095
33.81752387456203
32.7212887804701
33.44494411707345
33.52104530221846
34.3889382405246
33.86444400596909
33.225729914408106
33.21696736054125
23.810691287694727
24.08525520163921
23.616128275929658
23.993276524727307
37.06641898333371
35.3345891109846
35.13507309005086
35.06770062737818
18.971099593018458
18.95750177470751
19.083578833353446
19.588942523224276
20.339175194510712
19.912438625799723
19.365814766924846
18.477145959022312
12.297752922005385
13.100243748242045
13.332917305367042
13.618886220693426
23.212043395649225
23.219520743114824
23.351854660691988
22.198410117919504
9.899240210518574
13.398915812678977
13.077144117088368
12.188839206671659
14.137671329480156
14.148835025018343
15.291592477602991
15.784602600582666
10.216438068280217
10.539312482047018
10.133117419161136
10.055964578449913
21.54897992625587
23.714504074016023
24.233973173587103
23.996685026448556
18.144816586682026
16.97199234089106
16.493590828067344
16.87225617454605
24.319954485756917
24.327443525978463
24.416549437734993
23.660809621261937
17.92363690536562
18.68250195261499
19.275111972896553
19.17753341637468
24.011778052992113
24.054983842084138
24.37836647163902
23.775934113390385
31.741897431565082
32.51373828039394
32.04216632462084
32.170461676619276
22.249128019360715
22.02797007941092
24.730101342756715
24.232896193256835
12.161562502514066
12.602790531072923
11.681852153370016
11.275564060723703
27.035413295988096
26.00671288380051
30.577484841274515
31.07659669918862
15.87257080459758
17.157839403401496
17.3920795701094
19.32540818343885
21.404024936962166
21.885163957605798
23.534088483157287
24.14158402749237
15.508901939851832
19.182821544199577
19.046111647457057
17.91174755585306
11.041310643737335
8.116585492165534
12.39429036486399
12.36410075054002
9.601534958686994
9.121001049029417
8.980189040390377
9.81068834408845
3.5712197662227227
3.07159083196363
3.0107417756445396
3.5626533888528713
16.773241619565304
16.68540112392416
14.473392981456675
14.500781942999696
26.09554135450624
25.68722574115753
25.960315169581648
26.980691990165127
23.10254114280109
14.810581686216025
21.206282486162532
21.567144553789152
22.67345084962715
23.2082637193329
22.399578396195835
22.267191244362813
24.564353100185212
24.242153598708843
24.291557792846874
24.063734308575395
23.659186901177744
22.15950125045525
21.775906436611557
22.06597969503648
26.59625546464556
26.931826971806842
26.37343861623461
26.642238651460563
17.705289866281415
22.049887528916283
23.56475398484046
22.99249771771761
10.65952167530312
10.96409757346364
10.771110562988081
14.006528786982908
18.100323057626234
18.929944061773195
18.61063127746318
17.514781129416818
21.346242658585062
21.780135790907092
20.702825880627202
20.917167138659053
24.62070014288831
24.474651880679463
25.20735636692323
25.501476421484554
25.234240263857263
26.50944189534671
21.30885457690577
22.35299091253252
21.07036690272876
21.454705374763172
21.624713121292412
21.866118067332977
32.09242733851712
36.1357701270859
33.58994883708056
30.132220387292463
25.22028821255767
24.6702377218123
23.904726947987164
25.02171262794923
24.590821396082937
24.670959823452076
24.493438604502952
22.63115458132709
21.91035451266014
25.55855300994893
25.45469808527386
23.654688535882915
21.818293954656472
23.35350784269817
23.726259384148918
23.646944731672896
26.496143567393677
26.095417009591557
25.744466952937913
24.8398905440193
16.03016223574826
13.647201048318369
13.605289816149288
11.444414049939274
7.588608074817248
12.931341425957378
12.445765881164046
12.853449529940631
21.615002792378345
20.264573338301812
20.855064783807716
19.823848378764882
22.856550177418416
22.921081419136097
21.19487953261241
21.847317838292806
33.578479803698336
34.76893014014749
34.55004890813011
34.413293351193005
31.19040683460638
29.845084704940252
29.951570289837555
29.578211595977237
34.65644778020034
32.558002718554604
32.34356227764319
35.39831920569674
29.266655851626872
32.82016203878359
31.41341120490152
30.779373318013896
31.108816824474488
27.87282366890654
26.892186995843836
27.296986230405654
27.756263110470158
31.57668028385423
30.45750185658979
30.767125157176284
11.131996440614468
15.62563309500918
13.899047499546004
13.814141977974657
19.528949150133606
21.149820336442193
22.532093878045167
20.412645822075085
21.392361888392795
19.910895718269373
21.056485847569483
21.124957735592204
24.36698311010806
24.372315320834204
24.546206186987803
25.345874947244578
28.03047146421151
29.77935075107987
29.05929338764234
31.120616672131508
19.980930874072225
20.517603695758247
20.600429034078473
20.782384082622777
21.464516421723765
21.203031483425544
19.633307012893667
20.581916438481898
20.70310488826444
19.910173719606345
17.41417666817887
15.966042434585239
18.412918876141667
18.17195239945627
15.98594982449576
14.679211693060367
15.227211753326916
17.2495559927494
16.444665094559408
16.38168169171242
26.46619256495207
27.109014493773305
28.465571808527624
25.405196206372366
18.524700578289274
17.9975129400124
18.811972942783605
17.914699668019473
21.292885446989377
20.976847967436406
22.679573594955883
22.97126254198099
17.253124039230503
18.050508528337524
19.602531930700387
18.19501263020723
18.773876291853618
21.638917175425654
20.521155497013755
23.298123756793466
28.012313734160493
28.683853432007535
29.35715145471059
29.333665928148815
25.93835106442952
26.48075741640463
26.35626346207451
26.393124213740364
17.990640872295636
18.35751583655034
19.122525540503915
18.66387956383792
17.678848071890858
17.819706421931063
17.874188426408146
15.122345838958916
18.353979777887343
16.989043029187336
17.353586313115315
16.330099342384575
29.566560925571846
29.370360107084988
27.643983250441313
29.15267968867438
27.031541268001025
26.238604927858596
30.350854699764174
33.00434284547949
28.149708405394648
29.883122240048046
28.905626474405643
27.75761243382123
24.593705239051793
24.235446732491056
24.470137987650787
24.926030906884094
20.9116736793814
21.063204501543773
20.93966959568777
21.481603862321297
18.266072873414945
18.67391081292207
18.291463717618605
18.38539089165358
25.47822234545955
25.217458892054914
26.682070719465326
27.441501110620262
21.044996045166116
21.025416916420035
20.47884791296095
21.489119726847992
18.56456491683932
17.410490135829285
19.584715790884335
19.02900310893166
21.22781819251955
21.3257164545406
21.909668668060228
21.709464048164843
18.53252621651039
12.82962712074977
12.940829020544012
14.678946519038764
12.9100980059236
14.859313049480242
22.124800373539145
23.244525159489154
28.148922176823103
28.13987919374663
28.877615429128014
28.623826586856538
19.48998476415238
18.569798490411003
18.899225506740706
26.80633767695106
27.858994645702865
28.122013278148085
27.453664172781
26.626421625744666
6.614758654227904
8.496855028661296
8.697990781171669
10.592440605553348
21.267079486640565
22.519722043180543
21.94871596776859
23.26660531898205
26.379798350446404
23.31845769638549
22.139843994218275
21.561948175837056
26.384446910444545
25.27459980409223
26.277427223126626
27.297072836429642
18.78070298569703
18.514897614295524
27.42271889144046
26.677557642520448
23.256446345950952
24.55862035148102
24.352111114755512
25.003601797454472
19.5642883028894
19.011416802543188
19.529362166518574
19.746025464239597
29.874557065319088
28.066085571137034
29.288342321491335
27.53097704732156
37.6762169314435
37.67064656331438
37.54472027966053
37.47780576940919
32.10262653245383
32.162289038512895
32.392690101400305
32.45036326195968
31.691810792265823
30.246688021852844
30.204166264027563
31.02850809931458
27.117627085545806
27.026597830200743
27.099779717463093
27.871811433373686
31.622021576205142
31.418414629136176
31.90151057572565
30.942178696708808
28.56732689621841
29.35460197784722
29.523659336599803
28.81220311872411
29.2432175418147
28.81305750449463
31.322167060774824
31.583179109241193
28.753534700987036
28.099013916906816
28.879421482365657
29.17683544834428
22.222288816488348
22.821430850725022
22.297858988673593
21.612856789856252
15.180968057303327
14.238188400854161
14.702734882589247
15.031001981538443
24.143490305168882
22.967466723438
22.321572748589467
20.946251164672933
30.43058891941821
30.096503072059285
29.309382032130472
31.08862887091395
29.008195199764998
23.492948128445057
27.259258958694748
27.607503838612956
20.018452821709662
20.214217518364517
20.27353723008699
20.981210757056235
20.919815758385685
20.763071243302235
20.16134929475364
20.177627235493862
20.252497423818202
19.39994886446613
18.2381620634056
17.774890489170915
38.02531499760764
39.5860134835062
39.80609191435545
39.5483058531535
21.707826461511406
26.107647782789833
27.598554534054916
26.4448509331082
28.810492212084423
28.013715524746683
27.532958599135814
26.080546281805713
33.70406330550481
32.862106588684696
33.80749628612321
34.38693853161351
22.077170110768897
22.194259339114463
23.21519907559309
20.729206970948358
17.731991884174114
17.24767019548193
17.475311319304144
17.482257207380357
39.98029773608164
38.59038412094061
38.646331588948826
38.35177080837105
37.97056741215347
37.487022404889025
38.20762243901089
41.06673592399315
42.1183073769549
41.987895277677275
42.2581957160241
42.117804306538474
38.63941315822313
38.472865412558036
38.45728592769768
38.863928601177044
35.837327783078635
39.19012842352847
38.46232658944
40.35955788204609
35.248066276114976
34.017714890184244
35.096452404206374
35.82420957370344
35.2913333015362
28.089508511131534
32.562551447137245
30.006521439838778
27.846267200021273
28.21107983165115
28.09144099480012
27.71807054848852
33.20435235568993
32.44927034612764
36.75784029604095
32.98104960830475
29.360973629382894
31.853378207576768
28.60557804613261
28.453283808320396
27.3964940851163
28.273517309337347
28.282606012827124
27.753498693625733
23.88405852342228
23.308357441450603
22.09909355756301
22.032358574421096
33.77171664398869
32.979155075562616
32.825908954814594
34.38083335971222
26.88960984621099
24.811251044769897
27.12463550836319
27.50014194093594
26.571958452417142
19.502917886603488
30.001671772161664
22.858919366904445
24.654306957311533
22.735178216397692
23.867676597912027
24.122314364515535
22.92489977003627
23.295423004460282
23.22600688411366
23.724390542759263
27.65018430708894
25.93730405086849
19.105982199203282
18.26960784454519
18.863515415189706
16.579638964085298
15.615190597258419
14.549191366245928
15.741123422542438
10.041961362310424
12.047725154369692
9.93225052014321
6.993807034557864
7.034633960212106
8.846499731316227
6.376810081212862
20.869715589664022
17.540087032786225
21.52961140412701
22.639003508608063
18.50670983852372
17.28143810714944
16.451896026555758
16.642550558256094
12.271843657522727
14.441662397752658
16.92283602815873
17.75628982397108
17.39130170795581
16.474482271816253
16.993571009368807
17.107275775745155
25.453872044559407
26.490604043672178
27.581910225987453
26.723634685325138
36.0322256026269
34.18127623200971
32.38456521650259
34.568137240066285
24.755666681346906
23.233455588913163
32.81960020463699
34.37095193157564
32.64569398512911
32.6586329668413
32.76087426880435
33.00027545440427
28.847736237314724
21.104302483876218
21.13038873793644
22.51051339475421
24.2804739043907
19.70213606421296
19.306824372943133
19.207207226037394
15.260239979561195
10.710146076537997
11.097670588640318
13.588621522160526
15.214552716986612
14.794159919858917
13.003014805002083
15.041516412566272
17.741219759640604
15.192527874773335
16.70532403200802
17.359035826898296
23.34295104595093
23.19795399931922
22.833580775233536
23.537526581942693
20.915735603989493
21.15103520696252
20.97184583381183
20.093379510450347
26.63493866990645
25.26903880173787
24.73698375670094
25.016311062689514
27.731126832559884
25.957406455602253
24.92560479566195
25.125747635031193
27.60437015298853
25.616346073392233
26.956445660750777
26.675146344388597
22.070409806466778
23.76814389217738
22.470006202540443
23.125711649059088
14.4087840526567
14.57620520635765
15.003818971893928
11.48188526120507
28.17273485737698
27.682227053117337
27.413822223599446
27.6732053334773
18.816657507188616
21.20991646611946
22.01544010465485
21.76987358853349
20.591438872880282
19.796868199314492
19.881419246816776
20.53499648454628
19.582635103938557
20.167553718439905
20.219937991620064
21.127168473684318
27.202764296659776
29.629310528894013
30.07454531147007
29.328986078346073
30.937977853921318
29.858022620401304
30.005564041848977
30.441621464798075
28.916178924243873
27.480589160331267
27.214820523918334
26.336675554585472
25.04227817465908
24.50810595885857
24.672708814816648
25.13710522032965
28.227799717108972
28.73661270165179
27.952740643618387
27.52819234850806
16.92932282462008
17.90514193360719
27.281910438641567
26.36387308069698
27.15060139712467
25.722669639929915
26.412168887307168
25.45869576247726
35.1931447554531
35.38536320662371
34.812803176124795
35.057662117594276
32.61608109906292
33.222700156737616
31.543189464693175
32.60530464629902
32.99897140948956
32.29778656939964
30.322828091501115
28.16812420887159
22.24006571204202
21.691831462407226
16.842699528492382
17.536986108988344
27.626233867683105
31.787549096019795
31.567759288369928
30.912250080000444
31.879292174501163
30.705204162114537
32.51966836322738
32.0701094669287
21.971896549481453
29.549831189721854
28.60433400359621
26.21681041916402
17.294529702073085
18.739539313712722
18.618028706266053
16.04826461682039
30.176907412520475
30.246180139897497
30.24847332802126
31.49958167539644
31.659894769386785
25.66722627420031
25.75707570195248
25.5133886445076
30.675892730773743
30.320259581458917
29.59201076216012
30.513919498371237
35.39735627378313
36.53659667448949
36.00409319893179
34.714923186386955
18.438261542517058
18.294627669547406
17.4136704360544
18.43722979240145
30.632199224337366
37.13502042997942
35.79978519395246
36.01211933387343
33.45142037453809
21.780297630413045
21.914721019344135
22.108471712578986
23.938572577015
22.79566004320434
23.2261318534342
24.96083393291597
27.987516370222625
29.189514418378025
29.924113289382
29.284907109664672
23.618727254298488
21.197165683492308
21.882381816929325
22.040463288154648
14.109565171099149
13.312841619509847
13.481817390630148
14.250293998529257
25.296110046992908
25.807975663731437
24.705843221932135
24.058759304043605
24.1979567687542
24.832208008472175
25.01949824723896
24.40285654386821
19.711191215324515
19.22558085411679
18.730466385663757
17.879103201643698
14.681796237500999
18.47621893367849
18.464815869287538
18.895757014858486
18.361596998761335
18.824523504306757
20.522375804105454
20.17416649673562
18.40565085194268
19.48240122821136
19.371610547272805
18.213856548351526
19.928460324551562
20.20122163372518
18.864938863424744
18.187510909780304
16.48582059982772
10.42420542065398
7.740245404240965
12.578558319786204
21.795617430471054
23.285590805095314
26.248853929289524
26.499530264181214
18.056269329794087
18.33759217367809
18.112990540058288
18.658825130384017
31.450238899356286
31.61334896339349
31.358572507490717
30.555262990087314
16.80146049489552
12.444866961579995
15.231511634571328
17.649117939269043
22.1295020983975
21.86311517028554
21.713576695012385
24.020511814906687
26.78293891010264
27.440647265316205
27.089139112989145
27.392386046931858
30.8037561415484
30.819265250797546
30.064907789507725
28.69108103042007
24.474584990911353
17.96238936569994
16.58844073494574
14.218077604435743
14.95196821213538
17.340551944708213
18.706427763293256
18.31463361666258
17.729134182336264
18.114044432232912
18.827882960653113
17.756506798543647
21.655544208510122
22.136114199096685
22.238468157048505
22.48538621417424
20.543112531020455
24.753202247820436
24.53522326501929
25.381527017981956
25.700625868696555
26.17627172268167
25.508358253878114
25.776435370615665
28.196140255129706
27.42152481206328
29.64612916536541
30.08233812260452
4.168823325444918
4.274710397752016
3.954155179477139
3.653145770081432
14.232305851716124
17.765921639759046
16.094355593347576
16.34217556814224
29.201789737058107
27.533437195046236
27.50074339172333
27.475213814045038
26.528557663400044
27.08826552731431
28.93480670733693
27.627947190649454
30.765440535408807
30.760639437813992
30.54732127925827
30.13886635977409
29.696110532510556
30.103746124763198
29.74863801235354
29.71287684183112
31.64481017715302
31.844972203917212
31.85308679451053
30.448883242745197
22.72386626153601
32.47379525623133
31.187273373217216
32.35559201826191
34.655755509812224
32.320865677269936
32.882776321121334
33.22095319254231
26.241538359166206
26.472768206620334
22.35402657197149
20.109647721350683
20.103350470837185
16.215134272374744
18.87159487262342
19.816631467774418
21.472951471437824
21.287566968018716
23.321562713512296
23.914582355999826
27.47449058896229
26.769362398742746
26.839160223196718
26.864682502634402
27.50200847704281
25.660195721702937
25.318702130272634
24.337637166602697
26.29064655531668
25.082302676824874
25.059169315061702
23.204660019207086
29.373191981855847
28.860560939471867
29.189409456522146
28.966184074872146
22.423245352570753
22.026484254687603
21.854435798719273
21.86329898829787
23.363370493629265
21.957598497614658
21.559303768021945
21.91707209247721
24.85283960002318
22.490820062381268
21.278522482996873
19.64927791504651
37.11062779435873
32.70090348590772
34.4562110883937
33.46097836107955
30.45486185583785
29.900354590090952
30.761484008030614
30.952930583309925
31.821642628887723
32.043707471553915
31.830238862245267
31.623996023304475
32.59309921955479
33.259813428008584
32.83220443054935
34.67471512447202
20.574738677931435
21.643022147199776
19.728250671094052
19.2846198125486
22.34228285616914
27.74898122708644
27.49978508163208
27.905160768052905
27.981482473929805
26.020783521113152
26.26428541426065
26.704591308650638
17.60595877958846
17.407162396699363
16.40316550841015
16.932502357252613
14.97067821381202
16.02560239417543
16.41846543142483
17.453300205896667
19.398801583121514
20.670464703137238
21.541016592180203
20.96265989210002
26.76816166100861
27.972597403285093
28.371937922599653
28.01795009437104
24.638473340557212
24.738763945958574
23.598080171565602
23.597477690673323
20.87170426812972
20.581773032384277
20.552357458849645
20.90447122867458
22.537900171169188
23.766987641787512
22.795250812440504
24.022980469128562
23.898740103604215
23.711797864902056
23.60962335457102
24.528375022788556
15.251266044516692
14.952441449141658
12.107234658365646
11.67643508182956
12.411374299287175
10.361840058608491
9.865084989210418
9.999649926099343
14.150508654170379
11.589217997375505
9.432269282677284
11.636607160809447
5.416394640879977
4.508053937052808
5.102050047211246
4.547223455637846
23.36299290733227
22.515073733995774
22.14924608827735
22.630805838448644
9.478193159491912
12.440066206429702
11.723064911887978
13.046945585541124
23.01046903273073
21.664168908071524
20.943709377516388
19.231475813175745
19.128637723714622
22.293557728338598
23.80437740358248
22.014903073692253
30.566867467696085
28.205977889275584
29.34896331901286
27.999554847184786
6.385981688214471
5.874286763492683
5.359123953535853
5.02530266645584
29.755401552826733
34.39296734104302
31.704150398825572
33.51384972209508
28.08172480750356
28.054820778274948
28.299793951350644
27.88173632024749
29.942145369831223
27.823697386364756
29.332087680405415
28.678711051063857
30.68136771809641
30.774044971595814
30.956541025800426
31.312872079356403
28.90270768224519
25.100582650660126
24.50763512888958
23.501820107023423
28.560902201293892
29.541658992144487
28.67390400502989
27.76400871863978
29.076996709945508
29.43647412475257
28.596400826111783
26.93154169724892
25.564604971761497
26.346802298250797
27.282516425706277
25.929827278011167
32.28782853893715
31.7733299141481
30.68248122216077
30.48510286117734
32.18131759487065
30.511857983408536
31.64093497070135
32.49819764869212
23.770695343346187
23.790428113594388
25.073344359942045
24.022927066246133
24.704330215345475
24.860765721786954
20.78812675153937
20.598526270523106
19.127894921678
15.352926762447735
15.283335507258977
15.514032000878403
15.509158653417055
12.357650079553357
12.310847641836402
11.815942324635614
6.085859943343451
6.36784245584663
6.4025379742041615
6.355915359760266
5.085220306965887
4.809102917358454
4.800304887216252
5.094297213581942
10.348595314032552
11.881875540894429
9.237362684474935
9.338734107493424
21.401519611802335
29.313574305102488
29.493971272327638
28.75674640238829
25.451267413103956
22.640266988003543
19.298440531692584
19.328406428101093
21.965692676956067
20.530761540216744
22.080207533056242
19.858925326262575
28.593706955784555
29.15476495113091
28.461902481731343
28.017601958337387
30.69666257366795
28.50352871780761
28.791125101994655
28.702438464401265
25.72269253824076
26.14299024427585
26.31784955704666
27.534437090932162
31.49089823097059
31.312021954686077
30.87831787487628
30.919302663251944
28.009068392290715
25.317734957496413
25.444756344307454
24.890941173156083
26.507635564547606
26.332161556202962
26.475575510287694
26.221066223475074
26.302399417533014
26.218542942755857
25.712459325219328
25.25428216427206
31.353049463691576
34.06600382328642
34.67592471618849
35.45664080816032
31.43701469959242
29.614985049067975
28.92142017903443
28.898762091831276
33.369957160364706
29.60741959026345
29.020028794672367
30.01551685682141
27.53396179000192
27.939563397105477
27.987100706270887
27.20301505674723
31.150783173584983
32.674178681453995
33.07006017322354
31.47440310246919
21.832751629922196
22.41471176137535
24.86808378087466
24.845522748697732
24.718908637419332
22.2916587231037
26.129778535865228
22.67558083734234
22.834439443007746
22.85437791052969
23.69253345187834
23.416321312844605
28.412420356190268
29.167686660668334
31.18561292704606
29.595461046569863
17.193615205672437
16.81886751455226
17.546613534868538
17.558178953689435
20.38448566320343
22.970476971383253
23.158804385405762
23.3246050535802
16.510001794881887
13.114499349665493
12.370608269163402
10.78226307938493
13.288489737436295
11.174205418217571
12.753943352395781
10.56201140086774
17.321614324882624
15.950184895987801
12.647658733459023
12.676483900615429
21.780487110662335
21.48227984126974
21.86248740812844
23.93122425421176
34.99147974884994
34.60747587985707
34.6044251354902
33.595464220211674
33.209001842885556
32.79945625953877
31.442279945300516
30.53983716229778
31.66407470834015
34.13498162233677
33.86861451753324
34.56974318845523
32.33877418065284
32.73132857845219
36.1188516366119
36.79062593233871
30.938973062369655
31.774925972271742
31.310553486039918
30.390755613853923
27.84208157670231
29.08914669955044
26.35847901032136
27.247690804482485
18.68359233628694
19.92810106624028
19.96574571324111
19.358573252784396
6.9491615032601874
13.171196635903565
11.302497575975666
10.843445731688979
10.008892769276562
8.771130123957711
8.0874887070828
7.65534916882995
24.364456774529017
24.81639466678544
24.37613216724845
22.287995089497375
21.140610041330024
20.193429972264695
21.90934865987087
22.153711681974116
21.678367493824954
21.50304811066119
20.266702480832354
21.681082845223305
20.218764810421998
22.303747720853814
21.15604111771795
18.56946247874377
16.076112640717252
16.186002266980932
17.546256205486515
16.977858336739136
17.358365145407564
17.488619143817306
16.720242208604617
16.024051731957606
17.204668697523264
19.494937035530832
20.139652764699928
18.209280605713936
14.27997618128989
14.388648443023998
13.579421411594648
13.536613591416337
15.076006704273563
11.690299175481814
11.608507457764603
8.965039140299629
33.348593072911285
33.66642140830709
32.765176487929516
32.1116190116122
28.427289496611444
21.01168752416543
20.713645203160446
21.31691224179403
25.415959528775296
27.58288559835493
27.623777671886188
28.195458563304374
26.560282936043752
25.04512674620839
25.41342184336897
23.35661526639283
24.165718755879084
23.160846083526597
23.218533238492327
23.324985682695658
23.481779651509342
23.735505029710282
23.411534074761754
23.429036255051404
26.727954244669437
26.97718109247098
26.44503736221053
26.51912295744235
17.403728458332363
12.962883983746371
12.35636303896481
13.237386025672325
28.901910568387486
27.648143637732478
27.977530593197837
28.128919412746885
25.867267820765395
25.667043357751542
22.77538824794498
22.60550151548943
23.301295110727654
23.41313086106916
23.436825347800692
23.898317555041377
24.203762146500278
23.86252640722012
23.87026430711281
24.20392999320007
30.59225337476937
25.025303382068877
23.425754420677933
23.83228636693045
23.56926506390218
23.601358841598394
23.17768102796942
23.209930077994414
20.39298505079871
19.996996308222936
21.730277892503434
20.402029641542647
21.5108102161422
22.552659372315617
19.15460397942128
25.367161653354934
26.772356742800977
25.334256161633675
27.318992078110313
24.64094436819635
25.807373293285575
26.461885913224997
27.60544275347659
26.331024604306837
26.291823042564896
20.396523230820886
20.76742768494379
20.429128541053103
27.65834508122075
25.776378126597407
26.826377048321763
25.858220213435075
24.941254314938803
24.25822864394265
23.840693893475066
26.61694329299929
25.57064716463737
25.720789333396898
22.4126274736067
21.422036965600284
22.363696506538165
25.410431309315552
24.53351833506983
23.810364795307702
8.683032529714156
8.501110004090243
8.82275535492413
8.601869322410103
13.662405194499996
14.539040524232188
16.310843827230137
19.20308294280565
23.104581806557036
23.897787294223573
23.944605969766855
23.2710395435132
23.42325001468766
22.688982393265448
24.04943095812819
24.087482549055427
24.840051654084757
24.66629205287589
25.505049532885057
26.45064416598537
25.699956872431237
24.33120182546765
23.108262283214327
