39.692815919712395
10.987670471964076
9.834130118914453
12.805721350640976
4.653033193456396
23.147998820811136
12.512639330656652
31.154085927418258
10.578646340036466
41.17167967755562
24.617005926988973
22.282127997520348
21.963945575102436
20.45954473175068
27.19479627897393
26.84541381782734
25.92604127855496
23.031388249070904
11.328725064679285
9.419717892874496
10.352769984273845
5.704689807639455
5.805277261138603
6.481116420914177
6.000967168007983
4.086699828267008
4.654793454791896
6.1107746773625085
15.268444500544238
22.28678732426211
21.934709793270283
24.20791215988876
25.898063548732505
18.106783233551983
8.567068575329545
17.5950120026452
14.064292604119622
8.159018246891005
13.928867784093857
11.331785611248144
10.284828804953394
24.566970192294214
28.25830172009092
8.80035575724211
24.11854441771098
17.652618294250644
11.226627355466047
16.928834707025555
22.12723249404888
23.654559628169377
24.806750155532438
19.90324516446692
20.404889469852762
18.03394065599178
14.970877092880462
16.647589388662514
15.77198769698206
30.072312895139916
31.4487394359731
23.58681424376243
17.071461448774357
15.504342197570281
5.792981901523359
16.325197588702494
13.141717635199845
30.08787809100295
14.65033828202011
20.63299089937711
20.1984923248218
24.935782923829144
24.446472791323313
28.922849998588955
29.422657090100802
12.334193960037295
21.016762744320022
19.39935430319917
20.90828201499757
8.346624044918505
10.76239083467965
8.259482278383826
7.782615465977636
3.250459856291111
3.8623936567348136
7.981402999992072
5.202158215542154
38.13159983674857
14.675453614141755
31.835317076056576
23.63406704402967
20.25310960412665
24.37448224911369
12.018278465422526
26.198503348698264
10.111068995579018
11.825474308185138
20.723217722667194
9.77087221887839
20.07273554115145
17.78956296869917
16.389132843695105
17.67483890256073
14.812158614669254
18.09778232900172
21.791698784948533
24.970138154949442
14.121991689621078
11.529210166625647
13.862560835329237
12.847791232324932
18.123152409116628
17.360220884119155
16.54750845907164
17.687241026406106
11.646586630847635
16.31938908321898
26.939877789428987
20.891351958256227
7.67009368601416
20.47562796530857
20.04716172466067
18.661731121774267
14.858484784030463
21.098986234231386
23.43072253949189
21.396386865252264
16.136006891912523
13.894276127926783
8.843915445775448
10.152425615838226
8.433602503652857
8.694262911707272
8.403616743225298
8.244463494760495
16.17255373438338
10.759990294775859
11.554442577107933
11.397739792285178
14.000411279712662
32.67119361185072
17.372079372719547
18.265441437156056
21.2414496186985
19.52383033432707
27.157758079453075
35.319351764822436
16.527045606895015
23.70849019525895
31.243454937275327
9.255392520133487
16.058794966697313
21.43637391596425
8.448985849198955
22.006831215988047
24.168850570172996
17.092598242871976
17.74536198678932
16.619857879749805
29.269441244010068
26.704640127670306
11.907029374207898
9.71954691350041
40.907831880633786
27.309432409206618
24.049882462429146
25.56758717579449
8.97937313693823
12.190267691107072
10.753558441089558
10.790321018405455
25.328188460440533
22.960043544037607
18.12851359121062
10.981352632790768
12.214506777376213
13.965455898571179
19.572934509874763
12.598962646110417
22.250496177503702
21.14407844098901
21.870983774065632
23.500970425222057
21.452926556274218
19.52277713641042
31.85433999407592
6.8356682195631695
23.298476931862183
24.667063211029355
17.841877969189365
8.8606341809131
20.318734756178753
18.78090150814083
19.204283619930955
20.082219064821945
20.52790518379919
18.186770736850043
17.938858136871147
17.962087375497298
23.42253676389242
19.613971327332003
16.08663757332253
18.30838142126564
18.239034658115656
19.46566822289239
13.064823312105291
12.623528100931209
4.56515952150482
4.512015507394783
13.653317246960983
20.829995707944164
29.398113081525125
18.102991901550485
19.10144577419797
18.632843566661
14.280916991911411
26.3277102670204
14.090876992597632
28.48188704527167
27.591330120360436
16.403605225704847
28.008322050514277
19.765138596875644
21.469844098197523
28.884613367323883
16.963721261065295
18.25340792797641
25.27960748252486
12.886535779766382
13.352684282373467
14.775531859934981
18.623833144401175
17.91055665778933
10.972976679421665
7.228243481952275
20.569190876076714
24.45101368108536
25.241946827404817
22.819921654779616
25.189958345625794
5.649940539912591
16.165781359833744
3.8735027774092443
19.418912925971583
14.218992466480682
9.938154609242607
18.399734740306414
18.884065355889255
11.77958623076873
8.658044821173593
7.636445390913192
16.312596105637382
21.72913166600058
21.411493478794924
20.91313458312594
11.129406101753416
9.320468509106403
14.583738084459203
12.221687480675037
14.836686599703905
15.313194060858223
14.841373182536016
21.581902387390265
20.03152445555636
23.410069685598195
31.062100824094934
27.25709750299698
30.395788980452526
18.361955143533102
28.64761146293358
15.011716343541648
12.918261135001124
14.616678287686906
25.5892783075822
26.49542721069008
20.96347888643741
22.52913291661416
25.91470639543074
16.734148237942367
16.53682551797784
18.124794277581678
19.94212162774403
18.400268356674616
23.446847626674234
25.00665842730125
22.333629936088972
19.501961093356638
17.36384395798496
23.964057204229295
24.119580590710882
24.232539058447845
16.12590617160589
19.07162904450073
16.736087069679748
20.671721525416494
20.174370166967275
27.1737408930385
23.874660622143864
29.069100872716877
8.180349490004883
5.488081580881372
14.296555534061449
12.856934537473695
20.26891192690484
22.0250473629301
22.639274185517635
28.373148030990865
41.62019089850697
18.53274052985291
16.858105633086353
16.90163644935668
15.894159248036578
18.141252506444797
19.84143731310489
18.16638085705856
19.035232813371394
17.13864848079609
13.16253490078555
14.515851490148862
9.629227251907865
5.570886238416032
5.475931805647712
8.780209871744848
3.020274295020126
3.0998628558050902
2.978067874265089
3.1235814163498086
16.436621807068647
13.095615128611719
17.863939067834142
15.432027682918916
20.49125103618692
21.399095870640863
22.298518457224816
22.023537943569387
34.00811884133333
26.233090828772482
23.93318348205888
20.1094624022483
18.837025774560807
7.758102986459926
12.986539691458647
23.622753188127625
19.91171694808842
24.171348330434018
29.328066523529863
20.200742922443293
19.906961706147257
19.17172806251338
32.29053956711467
23.02723593194569
21.61288084719452
26.757348247229956
28.388776850430425
27.424647600339725
9.70161463502543
20.63855352706282
15.562818706965478
15.61016093776508
29.694451952083337
15.208331590343008
25.773006082221407
18.58568522393409
6.996539411571646
7.908539462632642
6.28281770999338
12.157811497727472
31.592368071219855
32.4186120943973
23.44196526197266
28.26249012823339
19.611556969560286
18.467022035413752
17.290281058939907
17.343459899979308
21.264579043682396
23.45053292957024
8.828073387621005
12.408852592471753
5.533334702231368
30.84391603858433
24.336181726379856
19.69319211236309
15.645357012590097
24.65217501967069
19.01764102712388
18.303677462864627
18.422661588723958
25.469221937971987
25.35691168821711
16.025008780055586
12.775527080934424
20.05041728828911
31.10795553418286
29.15119457166237
36.96756155783884
27.84291981035511
23.938189759554973
18.082149070446683
7.120286484950572
14.67450064300348
11.593684369112008
12.480717495999253
28.572276095378854
28.617439381138905
15.324951567021762
27.83815525533635
22.775970137997817
4.863845467981522
27.111458605473786
10.847069431543225
17.40080858503446
13.696946336808972
30.102700610415276
35.84838228205136
19.84531952077037
14.316902671265538
14.245826872473637
27.650621062919186
32.95512822932381
30.79610540438733
23.186649439426496
22.826970197890883
10.595670448924816
21.813276375356704
13.22290897313448
10.364771567944866
10.712921044194617
10.487758429800882
11.0717248941703
15.971044193325953
18.85612894938873
29.474806069559442
28.919248672069813
27.999822297465396
11.530608870597668
4.454307473775046
23.308285360873857
30.740023104309508
18.1376198241399
8.071682460037376
19.103065132234736
23.326510819398226
29.174795341270737
14.658520730898651
28.281365609663617
18.21399512068054
20.19344761933542
24.173705054027977
15.19471043043587
18.59463623753364
16.034444217465488
29.144274834212432
19.110392526675305
23.29534919519996
17.523270649459064
31.68207773477134
31.127459473613968
25.0260705000716
13.489601742970736
7.356927937368112
26.7788220727614
16.701878963805736
28.941583529967424
7.499944804720042
20.7266280945459
29.53275185332947
39.765205002302274
29.43898769115774
27.05897497546501
15.730436971167801
30.145038377338867
5.703859508935541
7.680091476448236
7.613531858796791
7.571010133845243
4.719814513452892
6.47378658086955
5.196916412865532
27.06330761183352
34.65867013886605
16.34505365274799
23.812396820370584
11.456677864645263
20.78229935905317
19.76893150477621
15.727938708679098
27.473604060632194
10.525162411717835
22.39719320376451
18.056033854000663
10.034599929558468
9.595972454620217
11.813319700967782
8.981681200988037
18.095187631728688
18.623279490015737
21.605406633306337
23.670529255860092
22.47761547841029
11.025039962518804
16.68574777273756
8.40638098098276
27.31645257682944
20.25878615827369
15.613312444410116
13.863093013896215
31.06972433899506
27.02169996645822
27.792267176002298
29.56916614241893
22.752372942135104
17.84241617550004
19.637951061650313
12.791430058648656
20.07538225253054
19.435016566260703
6.759019105062754
14.60795086318563
18.984744578611537
16.698606068310323
23.308268406342442
12.608926514633366
8.600716852705656
8.159004898851345
10.945446826940191
11.196261213853685
26.48352560367932
27.00939900974193
24.42905083038949
21.528200694464307
16.85793329866281
9.239471989502555
9.132149223886637
12.1884423485097
6.132207250111319
23.86282140447442
6.656439209069104
9.852186794119538
29.04025573734147
20.1698447012373
14.06577381653288
19.726410588965383
10.567404901294664
22.662619430206348
20.70068666094511
15.687003075705183
16.793571915783076
26.424472629210225
21.562193060880958
19.89720734463173
18.245481254080254
29.983530529401285
23.757373979823182
22.576287493092103
21.43530315057706
35.98594957348995
26.370347431130764
27.158154715403153
21.11686438771838
23.25607260183881
14.892071973392639
18.751721917346508
19.295093436376103
9.47623465279148
14.33240334816195
9.765231036226618
27.08613283814791
16.3387080910117
24.044240711190998
15.229893018872525
15.444681967548858
12.747174350189894
21.371176602856302
15.548925717672216
28.645205017189163
22.119053776188395
36.56184600259763
36.62760027302167
13.14128403234531
16.504837418635237
21.681728547412728
14.390743677576221
21.716385577135036
21.38049675548945
20.819140865823222
22.639029874405573
11.692253035105518
9.823025441567074
8.353241454603006
9.139252437733552
25.66052949373142
18.46947842640113
25.851597265408834
26.294259804878372
27.064502900638445
25.005212881580025
25.215898311557446
25.683034478257305
23.39148298284461
19.869872425889554
17.419437256650934
16.554613597241417
19.1421712379096
11.893110719647987
22.85510120900931
20.986934405959573
21.034006721949055
14.417651624780527
16.77696835799226
16.322883952432907
13.662219335030507
12.07134956770652
12.666977785985262
14.406005443033953
31.3033857207672
14.62303046265821
25.31463289912636
28.48548336307376
19.37068075161467
23.613820578228225
17.885395696715833
29.923566661983518
12.802459635232516
17.701482433317953
12.535200316615402
19.77496829356784
13.669752952427892
14.82938578065709
19.305724844460173
24.300130486720025
22.268629808203613
19.389191410804017
18.865377439243176
21.669319364074646
20.03293008264883
22.305859841618588
20.59077287564358
21.495023744386337
10.791202734274655
6.0057230802852155
5.23546029062821
5.553631507103197
31.160180653742103
19.53348829624829
9.940867225015236
22.721973101595935
15.017089190539984
5.3919978804393445
4.960407695195015
5.145623100217152
4.111092998491689
5.679250634482632
6.201655445383543
7.066374747148283
5.777593668188767
5.354843579058817
5.257494623962701
5.912629317864944
18.073774814338854
19.000252722577553
14.916139835649469
19.991298889599783
14.062296531317497
8.60998937978805
10.214848914721264
8.980543018781702
18.55327692900417
19.689876227230123
21.018670194040578
21.998508149840585
23.544695301850922
18.508674469516016
13.94330439699856
10.219214616007955
24.2021217273339
24.26598760708607
23.596553807743874
23.80792443092365
23.474633994322602
20.11314458940675
25.57173261922353
25.47936374017967
9.67682627516396
10.396017013333314
9.740922844896726
9.812259527319371
15.66091739472598
17.527989700459834
18.82503793431129
11.680512967734854
30.13051498115103
30.941192380771394
25.439235550700065
23.196638779274462
5.170938407927626
6.987815758727248
10.249575226242579
9.950929628963562
21.539227864908664
32.10738613789896
21.80196632187341
11.928686615106386
13.597175511952075
25.22669620355292
25.05279924600676
13.775096030551493
13.676224565382297
8.054462863743288
23.49592737191885
20.223234123319184
12.201738084809092
11.939199451636927
11.974244308002167
11.630823208587072
21.02810745953024
16.151950158928386
10.472238566327116
20.076976521685985
21.391248902479997
12.492188220989407
12.464722876903684
15.531160513650567
17.875177354511536
22.45692021838844
21.78567550053269
27.35977020851555
15.876011261960763
21.93045891927046
11.685756005546963
29.013806522659955
27.29964106394059
29.94507815482072
17.023556472084092
22.667311923425512
29.185354584552183
26.94009193311931
27.07661625763518
26.04135236790648
20.18487907761373
10.04497911924773
10.470428966745185
10.520357601553766
31.317155518807052
18.14207203186853
17.756742174922007
12.358967005881151
22.593180530101325
14.813635637646923
25.54291128528371
26.47610414123156
24.299652384783254
30.860727824725373
16.49838989042804
24.275448047134017
12.734021687945496
18.023418005126317
34.42918073390079
29.907902189709088
8.995598239329398
6.920460684939836
9.647455419513511
8.269263334105457
15.49948412323859
14.600364762425507
15.665856398180726
13.324239292493024
12.683702509141316
23.510348278414295
23.848287983496185
10.168129251699357
7.584664956567285
10.333216480377288
16.34938814450388
16.087393828382915
19.11081747393366
13.907821596660238
19.645546816432184
7.431913755551224
15.742817094595447
17.432464946877666
24.769934320017335
16.24511777803968
20.260579705114004
10.581335453467121
32.11534264796229
8.197972866024614
10.935659478890702
10.633115473478473
5.616448741898956
5.42573706440128
10.520407283617976
22.742552139885227
28.211859055913656
33.054183409912305
25.413739486415135
16.192684811191903
15.729443835830327
23.130189672140993
20.12961129830309
21.86268377936855
19.38988398276948
19.172773322160932
7.016662856402237
6.930390532862484
5.857601066842528
8.524100382439768
27.427467920240268
26.062538028969847
21.633828180786512
27.843173440801227
32.42059404809538
26.099498128972602
27.070206438761662
30.906565473692293
9.924825216247571
16.755337786860913
4.569873011544962
5.930575429417456
21.7427635791238
25.738312914003114
17.589327425805376
19.009932468209858
16.802009330894176
23.76094322364137
5.586546660985479
10.817507111511068
21.17242657414428
24.125294938633367
24.95167891843416
10.966497888543413
12.279546986273562
9.309809298601175
11.270503986139056
5.194611924471986
3.1992369501684044
3.1052426206177937
2.973243846553474
4.055735282169362
11.054843049042464
10.473680467382032
10.372271857101275
13.063424239085837
24.91460557437617
20.19772424059881
21.789603593028005
19.539780434534173
10.792625488958866
25.834875127217185
22.78484340916236
19.86879162213709
29.880708863214355
30.487227907799685
18.424158687236584
20.75326180991992
14.414915651234356
13.99982310690827
18.971232171091764
20.20839526059331
30.224030675435625
42.35075454119309
5.456479632872245
29.763198308036806
27.125597360834178
28.40653008999423
24.762796858044453
26.10660798331701
28.227249819303168
27.219716368088424
25.385629145780968
27.266572956036697
18.526075106758835
8.651184272694959
5.293308647910399
4.906400993206138
23.117360513565753
23.304722799248097
26.182473444115306
21.68390536826478
21.691150368243648
20.309645880940984
19.017854474213653
19.10220919031998
29.752942186845726
14.037417513815255
14.093658092193259
15.177236777429886
5.016326960268854
9.588298679316921
5.726748545151517
9.322172193195883
22.922466915225048
27.38898830527568
26.19852726709467
25.394197739897017
21.17615453881463
21.613578578840638
18.730503912875683
21.558656434233825
20.865555774696677
16.209751874958364
13.228609322672538
11.186599893619743
20.534750428437164
19.75963483209922
19.53689255079445
20.215025736893875
14.506035895537243
13.399653474240356
12.634977609766063
12.11990356572805
16.647432441602287
18.293269946923957
5.044906702182852
35.110249762634915
30.98111148267786
7.2649861758798275
7.700247940018795
6.8081105497899825
8.599815832939674
8.784625384365345
8.262247616657804
8.727198451043549
8.908714318122662
33.082617594847804
14.551779857538275
20.001568857824797
20.489595662703973
20.583591696279196
15.846425461280017
23.052715933920645
3.9424099177869794
27.35350452735343
25.94957987508029
25.210970755582583
28.44126993711228
22.83833994332238
17.10472380566882
17.589230881865625
19.01242845470126
20.888702199939104
17.170127424150575
21.205179512103033
35.142182409128864
25.39637068671037
25.055975488961014
22.47195532304054
15.941431590697304
13.930952427729158
11.457008458789094
12.926979358153345
14.14000411668431
9.94634614024301
11.936469706664175
16.128442016802637
22.764249934417315
28.74723887779625
15.485985570658617
33.88900757820206
10.99238808193309
6.977058650944129
18.955677409432163
10.265686104386454
22.64349198751866
14.82933623326369
24.589494589980863
10.704383319105178
29.469811737335323
12.001969793805776
22.020962721449337
21.07924216269996
22.22310006179421
9.056413024842643
19.742443019225068
27.970759444132536
30.980270999128958
21.908235507870163
21.922056054973208
20.425672433813826
18.863345814351224
26.40824864188249
20.362690805591093
17.809824704034245
29.673193021148734
25.247354405435825
17.856105999605422
14.617636284089006
31.188113610069333
33.95381765231955
25.708726470697002
25.664605459789932
11.467096991136806
12.400891233982977
12.44521042192498
12.960076523200101
17.02692540829118
16.824380353762134
16.8636895984898
15.882185427054363
6.247983815546837
16.793574082593064
18.535739176383192
18.05080615334433
8.031109827950146
22.48461101724866
26.869057691945848
25.08996575388283
24.73662905052358
20.066038768614323
23.188219563911264
24.735804944510104
9.902822117862002
21.12440889041432
22.082667796406476
12.767807474353619
4.31916281781815
23.514113837407635
32.411032901713206
6.507276242232809
24.607413884267515
22.0680954877099
21.554312255265547
21.057694270313217
18.43873673566873
25.201429113250978
18.637935716155795
18.952698790876763
20.443609786503956
19.213849259811454
19.634416983650052
18.154945218355405
16.521508578648266
16.3752260066507
15.618100985203029
16.676464035812018
4.457102565729038
18.3535567814688
10.051106639928214
19.626204702978114
17.97901599511435
19.3721771190807
6.770453030698653
7.819351286952737
19.85207027009924
15.543493467409807
29.957549101127942
37.63028294804133
20.29279242874824
19.353348074604632
17.69120732701952
16.943652791843785
25.41926431854247
30.632301637270285
18.501792404547974
20.104026536441904
14.781066486241286
6.092308509179485
5.817387988220435
6.07371541927312
8.161413140181086
6.020290365585211
7.14942153144745
6.478961910836911
4.430680331909943
7.536540637110676
17.18675586246845
20.924868284281203
16.57166653221564
30.564721439757353
37.19666447981528
34.660327602968486
28.95290856036735
31.17792583398592
30.570223415639035
27.168192217280883
25.76451982827053
23.6812265226045
22.373201677670576
22.157746456321487
21.19473359300661
19.395615985547316
19.37278978995863
19.49113519600448
19.081476108747438
16.103336556202375
19.445587492228714
15.216949597163257
9.820578471080196
22.73872426531636
13.084167105990833
37.89051818319472
9.385147128266961
13.479183939548555
25.41400644356492
19.615992226782396
17.62078406015016
20.701061703380493
34.30556032456037
16.77804259903499
19.321933794891102
11.31528816730477
21.836269583545192
23.336547968606215
22.167866196513657
24.47431625954891
24.796553554778637
26.15844182919186
15.863004942616604
12.53547867881576
10.531756421555434
12.556479593296814
24.037098338435538
24.55148032925431
23.492621415513465
20.860678946867278
24.999964255167818
25.317918640178522
27.38166331407463
24.805622826976624
22.316962462674777
25.95966167425197
22.38151956670833
27.42237520036341
16.036396620460796
17.437221429903364
17.373577203008203
16.809737161924787
19.85988411744316
17.360602627204194
19.139395798749018
13.332510270205152
19.334688636994372
18.077887898655856
16.088551830286676
14.483634861512853
14.740245131972218
11.702493952411048
11.176739378525843
7.916064674238924
22.49221265953961
16.76823293076888
23.038679892799586
19.261174283984097
19.748305327106273
16.989137334165708
35.349191427955915
6.971155896493347
13.405678472758588
26.294245500795828
27.180675317076766
20.35657373501512
10.924301866345704
22.839234359623184
13.119066840196531
11.826928814029735
24.04665559412471
15.683146797538663
18.47464316737033
18.94417993097457
22.66423503313414
21.476636403820155
19.08852721606833
19.443682120965466
9.652449500572262
15.425174689460931
11.234913942719146
13.336806992288333
11.275716106834182
17.967513098586164
10.868966443010192
16.036547150232842
4.165847564331919
4.021207101800162
5.917974305898493
5.7037331726016385
14.798475327966456
26.360827870373694
22.91302094187319
8.01060864448537
20.972380167225495
4.346571546202629
19.750993203943693
17.386010544982952
12.71637637000755
12.749735693986237
10.8930197029641
10.409486109822746
12.023867689471164
10.06087717944934
5.11778286383498
5.992979543086943
4.846420200803036
11.45543068689607
10.619030086635048
10.177544711023186
4.603288144917877
21.379333816530377
9.141448469022398
18.417556570774174
27.467817689385527
24.079328853219064
25.193099654769014
30.570633514454062
28.141892582171455
18.192735034641327
26.379585018543963
23.987000079716186
13.882226592063397
26.585877969160613
7.838307699974764
13.265876277765923
20.613791527862215
26.27977624847812
22.403415425016732
19.796871764458313
7.125688622720076
34.28985301803882
31.077332756547356
28.46863208979033
18.90314183178138
16.144382128506024
14.926385626876764
18.170258717164405
37.3625027508811
9.561179030279193
13.320505837213606
19.803680741633215
23.358412255603906
36.01531094152105
23.901239829417563
43.07667184868066
18.377330938593875
18.10668808509126
13.232145598201992
16.028944359022926
12.348548323741785
21.18710263020725
28.55077976200394
22.324560671142276
11.584808171367131
7.860577221872037
7.597595986178446
6.6179860993375375
16.321610727029086
19.681573262440207
22.6051837672212
13.426181089155907
23.78016480220716
27.60922654261116
19.3318902911107
24.80509385428006
33.92918751145516
23.30081625319529
28.996871688401637
25.404903963073096
13.545401205615144
16.11775692265629
34.66649303471375
25.310334699165406
22.799009204723095
21.887968238271796
21.306381561137208
21.320583503383826
13.152447914081014
8.52638990892583
6.505724751737287
5.4239981054533475
25.577113227588104
20.25231002321932
22.888955388369766
19.98057082916799
11.965471163804532
13.316132330124406
14.046007934710662
8.241374455913972
16.628010481428586
9.744253101694353
9.976151884309958
6.890315100310252
11.828964704904543
18.276690794751705
10.62762039989341
17.221049889838227
18.087725158173715
27.384159472007713
23.01048908901458
16.320502593815597
36.70963833100667
34.8193923561679
30.66088183286566
32.310147625271966
11.677855234535341
23.667809015249336
26.773288450434674
25.998061622945176
8.227204301979164
8.78468462262083
9.351207360142919
9.196673584026588
28.096723798047595
13.338414965204684
25.043366366633176
25.14548100009941
20.268115208411366
31.616154630497185
12.415458530686088
17.48219097427791
24.898924174133136
24.13408651357093
13.412929033927707
25.99722615752469
26.984247741272494
13.457708157768991
11.779705852459637
11.761502451256922
26.332925272850286
25.854636939006756
20.06174080280616
25.473198791356406
22.81475909544894
38.989092752843135
24.93862760535816
22.161354404859544
13.601923313171147
13.349191950245286
11.083966555553284
22.533696829401585
24.276069471361804
26.933028991055973
26.789291749852772
27.85323372305706
27.507199572916118
21.000316549150767
22.708015703727014
21.064279683126255
26.273583728802176
20.138347498462807
24.157425662352097
19.537851299429324
32.88006701894637
22.708064347301107
28.417347904599445
24.661298029320108
20.074901863751595
23.312893324619257
34.183257657067706
38.08877718481035
7.108670568782277
9.734164142830135
29.823633652158136
25.82483531635505
4.17558181161604
21.48590263660224
24.04172794775253
23.82590093264594
21.087604183384904
23.889538606242297
23.90921266201681
23.023223436734074
12.251693645634068
24.26587781319971
19.769100164524442
13.083660860297469
22.190138507038647
26.654292292367405
7.510480238035558
8.386436482922942
14.127733774167716
12.736803603353284
8.311747276102347
8.897773853927504
18.245041066586825
18.469708913069496
19.63893543576439
10.865099729882147
18.86103343614328
23.274352144196197
13.390466514180394
17.7124217436818
17.32616864988012
15.434299724702269
17.59578148926154
20.30820609725966
14.227733801581108
14.58863020249341
23.013399057696777
17.202884251396007
23.409703450398855
6.8082054109243995
26.07459631673059
16.847169779338188
18.09465811533635
24.020393400984734
31.112297495782983
18.460922197201477
23.61365535921331
10.343824151497097
25.47336317039396
13.896807103594483
11.041414460711485
8.867174695113489
10.169451044291401
10.128041948627606
6.727024940531352
9.26454521163916
11.954739903053975
13.724852861132499
31.71468879965643
15.317889164061373
4.915434545291959
9.324099839376917
16.736033141647074
24.77005984805817
33.701391181318215
14.148475928962073
9.58834181582754
19.969715264992967
35.35677539955051
35.06366072811701
21.197924631376292
25.928066640961482
24.795555966562276
22.276396644384185
25.65990560978293
25.953792073770902
17.586993631528795
16.77205413578586
12.582243208198731
8.43604094082411
11.835238176250126
7.5397086858583
28.912426106997003
21.738837572815736
20.233568049879924
15.791747891174877
20.350673010020515
19.428233428979066
21.177192489987714
20.26814766803518
22.258834414345134
22.55318465798116
21.598343042593484
22.09614334258651
23.97118923788949
27.835943686281823
22.88663481034725
24.07309956602165
17.02550602341763
12.678140790874835
11.177121912610435
10.536265130539059
28.662959525942043
21.80215236569757
25.176182279989604
26.177565190413908
23.662713729681297
27.861436118301878
13.097629036041841
20.086062479740534
19.127159635664032
15.208136782543978
11.530039388755913
15.826876635113335
19.857372948581087
19.11392852328889
38.140858826728994
43.626913205099946
26.05315208441838
22.94493182015401
22.643115165561674
21.838736255025534
29.8184977940353
9.81774206474709
16.49862727959834
14.18798309174351
15.036198553287651
19.787412971595682
20.41716280789663
21.636724706641605
9.273313624610632
32.33646593031823
41.94926811774486
31.417488978494674
8.012870129068837
17.25070145177898
24.806458978180697
24.66278763910536
10.672581227543757
8.34245112472061
9.620905235907212
17.368197805714786
21.25077062623655
18.937877113257592
20.684304992854514
31.12196536186318
24.097821231706966
22.667076830342218
35.59405649781593
12.401679289759205
14.768854704791996
25.160626703798822
31.14026451255711
