15.382036041950272
13.635862500432177
13.320566681157096
10.967975274546705
22.97759415316228
20.625887423164976
26.201162341809887
24.472904548663674
15.208868753039908
12.9081016374165
9.688910314513661
7.110720627044022
17.80644097242607
20.53897622164294
20.58063196081188
20.552712645950276
13.484146472077567
14.016714015980527
14.829560087181216
14.998572512519761
26.93023055664476
25.9535396029535
24.760958538729113
26.47102423092887
31.85460048633239
29.37498661822153
31.206338506610187
30.249883566217093
26.894467025029382
25.739616601800254
25.86298356580043
25.699952763728685
23.8532557936321
23.3728641042019
22.738103698245318
22.507351405943737
28.712542178932935
30.02875510664589
28.15905647877512
27.727761953546125
31.44435575601895
32.251224090953876
32.01819982068622
30.69765642465619
33.42861152192147
36.336869790378344
40.40357325966914
39.60948248152888
34.72102163249602
34.26610036215279
34.19850033697604
33.01266349634458
38.89422625049532
37.582057999172775
35.3371519901646
35.82010644915669
31.51072958913978
32.2774584305159
30.13204674361339
32.28188875556091
22.648708531876608
23.263902690691776
23.603888213959703
22.35529809377599
11.804495682813352
12.471510185697698
13.950762186559011
12.112367650742119
24.2952956220758
25.259970109077237
23.72825320282399
24.621636305629618
25.521850570431535
22.788616944820006
24.03400785651359
25.475275196892714
31.06467334210478
32.045386731069996
31.59578829147242
31.18102180475283
25.995913700912304
17.546788497367203
17.675258632081235
17.31784169024441
27.89596105949533
29.37480634472664
28.50199736863546
26.823524866553026
36.4596269125276
37.54627925054825
32.022328249175175
31.639500412546663
37.717622210007825
34.964533868997464
34.422570377116664
34.42039344671434
24.873066857421946
23.807777218101542
23.674275362994347
25.85324243120446
36.04743275151133
33.42379216550296
35.98830233562001
38.554417896114174
25.295519157400424
25.48652404489569
26.993509812438308
25.811669901748495
20.23237585451777
19.983188046577986
17.737314065201165
17.487593811615334
27.53794333423677
28.251146659420563
28.468125679023906
27.48697873612064
22.41471476855558
20.51762702821264
20.29024038623038
19.917990979886152
29.774437631733246
29.38770545596621
29.567096943631725
29.174650628438695
27.097004697000795
29.787868369441192
29.91290910596113
31.778249698133443
27.976245253756403
29.0823411023925
29.08680538596476
28.90177697736107
20.121633906043904
20.195254430289495
19.7503774594296
19.30724056920998
16.119264740850035
17.39692430029826
17.26241771695596
16.91899406152787
19.44013014278173
19.356809724961202
18.416720458963617
18.72758430195707
18.08222269988019
17.475414817128456
16.59827923591882
16.925446223286922
35.32902873294193
34.884798393920214
35.73567156522535
34.22698831375619
17.959344741924117
17.697588795884215
16.721224865694634
16.983824227163705
25.255234377712913
24.679650466847942
24.938004098587033
25.323838604644756
24.08630761600467
24.50885371239972
23.867796604447896
24.01627870175141
17.415627569705837
16.67721563703748
16.222435541515914
16.431566951947254
26.809803254663116
29.606658950998945
25.338477501607898
25.672198002584757
23.254360026302848
23.484810978005715
23.563580425423577
24.23699830653165
29.09641314342395
32.45242959795013
35.60497711815128
36.810635175906235
26.458043044055493
33.207899066334555
37.48587641518758
38.649342566723895
32.150474342022754
29.38185773925347
28.09268441924803
32.309775205699076
25.08898208349118
25.442354434049154
26.822244314871618
26.904025525104107
31.932041462804484
31.449936784262572
30.63238481326986
31.45624725925716
25.518999474841486
23.84977213147338
24.493678186712543
24.039263454976897
27.73158885234105
28.803702410122696
29.587793785873988
28.38705548505088
18.344681963332693
17.457669427140274
18.373935604486753
18.34870353948343
21.039778322006956
19.34290319941035
19.04555860952927
18.964316488197753
29.681945252204123
28.217183728260398
27.273559844780856
29.866730334703153
25.001901058191226
28.46970540205916
27.495978355248134
26.761652973761578
31.123898543192173
31.22467780147037
30.749891261911007
30.57200094194154
17.745589516808067
17.921878619963604
18.226929923465548
18.264787114455704
15.98183140882767
16.309334078471192
16.28110426083679
14.32538986094112
20.66441603996702
19.970330307930162
20.168178394870015
20.351735923353896
11.26402962814601
10.679086411361698
10.672683955293195
10.718651970178199
26.53446579513841
26.11236763445219
26.493940258863496
23.80171646332127
20.813628423830966
20.109256810022046
20.652161962164048
21.75086188865926
31.01951139542686
32.518363793041345
33.6776482504762
32.94299868925042
28.365650739610007
25.2799861614555
29.42494677529949
31.07514976122656
22.79960117077058
21.643130156904682
22.97761158251318
23.308338312476803
23.999911784514147
23.18165329982528
24.319676724829396
24.994018259978265
28.674478877141585
28.50745851334235
27.992851001399366
27.732142449569523
28.31541869075833
26.61214228248533
27.275482318997827
27.11783962536872
24.339047050855893
24.74136544571404
24.803644488705825
24.55704640659054
24.093109811534756
21.214237112424893
21.2894279308758
22.094245865982227
8.877357628498851
8.258486922149494
8.383584142278284
8.185137519494727
13.766761788933245
14.501601924434663
12.809032741126773
13.403669449833199
5.392091411017824
4.482533310291512
7.172130986644241
5.618270881893474
11.885143474237783
13.970900098589592
13.994669767784291
14.62917395420083
13.913667471200617
14.671083607933015
14.056517149218488
19.941756646859353
23.044587622572536
25.252547673998457
24.526185043969924
24.817307030611943
29.233844508684722
29.043939912807136
28.840013629454962
28.404944013731466
35.12823547254645
34.22912711852184
35.98036194441638
35.006672358979614
32.01268307452208
34.91176904656955
30.791152394073002
28.690396133842334
26.533985073944294
25.493432935304412
25.632274435782872
26.04578847676393
29.344642386227235
23.251808748432058
25.461688133340406
26.95190003073113
30.274561960773006
24.14473243616906
27.139864175481105
24.374943614553946
29.498820537646353
27.554703350643102
29.492371908265454
29.150593767036952
25.990718659266342
25.01439729614047
33.219301352723996
33.754972334834065
29.344080571066254
29.969524565249856
28.79663216314591
27.401521559212505
28.381455076697574
32.478232126000655
31.64851111196962
30.880457875882783
20.583459009362336
20.05138241460684
18.418399373191047
19.45902775426821
21.260140384007183
22.333616229303093
21.71868536356398
22.935590052433984
30.92375436016783
31.082534132626385
30.996840456138585
31.494075949435214
24.416481308053687
23.68626963424309
23.85177976370524
23.255481629109624
19.832734334077802
18.69677290070282
20.631970604033775
19.808172375766222
23.848674721254525
30.01490708837827
22.663994354428684
18.24908308704063
19.97587064983667
18.811269205454188
21.75453103969057
21.839279205520302
19.242312877939604
21.543444511987204
23.317395309480894
22.85239342574977
29.52121920337567
28.17003218678398
27.490053543578107
28.17598072714507
22.20079687762448
30.184338616530713
29.9674957075933
29.25211142195336
31.10038478847162
30.249487573102186
29.888881045910853
29.46022665675389
20.304681145720174
19.09645250156257
18.8062322619545
18.017614513282695
20.06146785888804
20.371084746549975
19.88447094931036
19.989698018601313
25.87196226294973
23.65036960877175
23.45244341755168
22.48799897986264
16.56512630009606
17.8587739530021
17.425838632030498
18.28133302741719
31.92341002765501
37.39533836845673
34.98010442024288
33.16555230650531
33.56156202908799
26.15701360718553
27.03303796310715
27.275918849475428
15.470366839186202
15.158502645180983
15.416677465122492
14.293087595281342
13.80394152057325
23.611900228857834
22.696317669673977
22.978214546371767
16.118608540751453
29.81566647514406
29.834415417828914
29.42921459152271
19.609364784503686
18.99185993733824
18.79743362127895
18.44421376342741
37.37118422808556
34.47852804566387
37.23885589369173
38.07710027932734
31.72171938143084
32.94664619415021
34.7496709910182
35.220769795855595
28.00126724788196
26.842677372059203
24.912042895581415
26.14145312421672
31.344002186328517
30.758035313975466
28.938867475120468
31.22437316033839
17.338172738023836
17.251908726195456
17.37704980316509
17.266747671533697
17.278123484266448
17.47674841687086
19.212144836365486
19.414273163740454
31.17804939673789
29.67494584767252
28.86625269978715
29.45085885979383
21.442905251436926
23.49936615398194
24.79837415269855
22.67207640736384
18.17134999213461
19.238572698642386
19.260692044909074
19.373982416231108
23.275764836588195
22.334501509797295
24.32705402588795
23.374048124754953
26.34484636368296
26.67892328240226
24.667968843947516
23.93801869803744
19.810537836447253
22.60448128376379
25.074670681200523
25.103826120056354
28.07798525217399
27.85552161271474
29.71731680338328
25.792294016962185
26.12930349917033
25.761306408229405
25.859550652339376
26.7839699881782
26.98989351899388
27.927221995166185
28.419334826262077
27.96739122713109
23.749203312611453
23.976567140997826
24.23201410038291
23.91228459547091
17.40965894887941
27.540145578789414
28.84732609917914
28.301739319351327
23.28606034003858
23.52832575516937
29.388046731735308
29.51169926186098
25.94758904541331
23.750454158338968
25.148810938983388
22.474527336465876
31.3545808076974
32.5354457728726
32.65828519023099
32.414829898898574
19.295210809016083
20.227554914480905
20.00830846936415
19.288130320446648
25.018892770698127
25.674433234964997
24.221630928312674
24.768941668778524
19.36235443388578
21.311819800430275
21.100201508499993
20.3731102828605
19.53004751441559
18.987845052714768
19.147234617267756
19.525484631584778
22.806934923512404
31.65281521626387
31.376301991790395
31.376751181584687
26.81681691639387
30.774785071056584
30.817895393328005
30.387821492443674
20.7508783361641
19.467512044637303
19.844199028565153
16.987092034691198
18.48967443487289
17.429842158762355
24.222614433085358
25.190012051726598
30.068696999018155
28.602094206102343
28.45919559940434
27.57560073090856
32.73674344563659
30.107734117945533
32.55346103372459
31.04737364134193
26.81279564416729
25.57285415062444
26.200830193876776
26.622725290722258
27.45483908672081
31.59127159941407
29.075521167708033
28.878163804851358
30.342263902658868
28.526782516083383
28.73556621661953
28.097988475240783
25.03876255782116
28.949805038083195
32.414987088045784
31.607159250191543
29.125649586158286
28.84402481879319
30.234952474253063
30.268966234457928
19.89600847128615
19.68276178950202
19.14665426290796
18.717560176658406
33.76741954228814
34.138412597763825
34.46643099216486
34.23579566090698
25.60194317182633
25.873868020121296
25.327934521966796
25.88485810199127
28.841358843410983
22.854094972891932
36.703769418299736
35.60076677962499
27.573616394035728
29.786444420512872
30.01764499429552
30.13157791162072
35.76578952226576
35.53659709090358
36.8062557105416
37.19979370023315
25.090565171615033
20.979335395056868
22.20661702535803
22.865012875040936
11.240575101515297
9.063847281156546
8.007317877670518
10.508895434448487
15.847830312775086
16.170123683905498
14.819632164028691
15.027898535324654
25.57372119211022
24.77708500895012
24.823179842234275
23.838633852856606
30.30272110062972
30.051978696150492
31.668426521795297
28.681624261918166
32.8037543290863
32.77443921385252
32.847694593139
32.47899190371704
20.28944210433821
18.67950731871937
19.227142367827337
18.633568491695424
6.533619920248342
6.967395621184039
6.577879201722786
6.835156632813284
5.578405428995897
5.610476932534119
7.1383960029906115
5.7126419151154035
20.579427295797053
25.54506733934657
28.68734137757665
27.59074118449153
28.12863818015014
30.800801800393607
29.270526049885454
27.112118952176388
37.13996580172634
36.12361795727181
35.872983708094765
35.61161295931439
37.971171369029705
38.2943087459048
37.96516770633995
37.60946171318927
13.847354036006138
14.375725753427846
14.483990720156102
16.18842344513745
19.222381265903124
20.31990554865632
20.850798780290962
20.934527546257154
10.839317885485805
10.032112500468731
14.028103624793433
17.54243271006193
23.532744761807713
23.498746597585665
21.5874222759184
22.129842471359215
29.195637678419967
29.25828796939105
29.00229804218087
29.375119238459668
18.39764241917793
18.988391723150116
19.225651515608874
19.161984324857613
6.965045987723855
8.914399705862706
8.553313403460065
8.859083914991361
22.30314262929584
18.664625054135875
20.12756000342561
20.83063089067534
27.991900555502482
27.26416123178146
26.68931940846205
25.80439957915625
29.660412561981968
29.88406207733189
30.07290860823973
28.310926153251714
30.90263467272107
34.57329885740301
32.90741850746485
33.98135450060251
31.623012907066755
32.789239880532776
35.22748226137768
33.612894870723814
38.17000703796773
37.64600082278364
37.698347420721106
35.27604481869515
31.177963145094967
34.0607901988839
33.95209217754268
33.44973147170691
20.83284351195369
19.45757089490972
21.272394012158347
23.018245195364443
28.565960298617377
30.72464034027276
33.95403850348752
32.57510748337682
17.80764974780266
19.70262485484633
20.53336739270038
21.425893564566458
28.502876828232445
25.929925689542355
26.455574020243102
23.970107997881588
35.63318995928905
33.045518800940336
34.737543833662016
34.93384041826712
23.557841842636893
22.88967946791413
19.42844227601394
19.816345531965478
24.42773202757859
27.033342445394286
28.145357806404668
26.94149665945236
30.14308092897378
30.678617548117327
30.290132953881763
30.090373155032488
24.516133691302414
24.932761760830385
23.597074526297344
23.237748495299833
27.287760284753617
30.91675581224349
30.432804551252097
32.70951854711077
29.917854280305463
30.274034115380232
28.947158925892612
28.674993778425637
25.33040460522276
24.469714423572615
25.186023807239273
25.61278322960777
21.871926607100317
22.3407771775345
22.30681566432267
29.981987502344623
17.55306306605964
16.383065797380997
16.350181674868228
17.175738763475035
10.691058494090559
10.031758300819327
9.833140266025227
10.426053418324479
19.694492970384648
4.061515829370856
19.403722143214864
19.362151614194435
13.570087655507177
6.16696432908148
11.224025584714312
9.609320450991754
16.095385786115067
26.858665990392723
19.305083766921157
16.840693228562596
19.489251537267197
19.344173995493755
19.04263661825063
18.959900355022082
29.50879936095425
28.214979861593317
31.196955293624764
30.270092074423403
25.466012295306367
25.58514778279767
25.515954750215908
26.059976986741766
26.68321707304449
25.51362096390807
22.81366732153164
26.58744317607808
22.25936390286364
23.705539973396093
24.604538892539875
22.716933132380095
23.64780488668679
23.8892800069139
23.483367313317423
23.722009081309643
27.8488330703969
28.487060814997296
27.954291936028955
27.769922036404644
23.61486166156424
26.228643352501244
26.380025065731566
25.64427335933862
29.882842528865332
30.07202310006634
29.508349491707147
30.6408299345467
30.877120632435517
31.51096506913378
33.20480976977524
33.221164109439485
28.274793607812
24.75007032314645
28.076852066798768
25.260825555920828
35.75996637981641
36.5281879787285
35.809228267460874
35.641712512792715
27.943686373664498
25.979032571508622
25.61749635555261
26.281399803806345
23.91400830351481
21.743360089298474
23.609224971789832
22.60188800284741
25.432067713692106
25.432593443124013
25.139073615037063
25.329888205822186
23.40473255155178
23.587307240364833
23.293618290211814
23.408014050913927
26.52657081204421
26.415334123284946
26.440780676618278
25.484815429013906
22.015170143326145
23.523389691595774
23.75911575905758
21.827882213260544
26.393758263902097
24.42598810744426
24.348691096866638
25.56144756264126
31.724958486652167
31.646773777616072
31.46989825503954
32.05756610548384
21.732441867266427
20.185890261115006
24.292972274417732
21.62034456787277
21.319814075060073
25.56963839487604
27.999955872421392
26.275321123726567
18.766039136654452
18.715239012808073
19.03337356665082
20.963784972325808
22.538513952459773
22.519905708143877
22.485409461647702
22.798672566251525
19.339916468282325
18.96489525127972
17.464863216818355
17.797086693466404
20.387336706987647
24.632601488587248
21.879772138247503
21.60979771022188
24.619593605880155
23.75706864161069
24.33589017003271
23.874912755156327
28.473651269305098
30.90448459756891
34.11318867280745
33.95094751972571
24.395169306316212
23.555086858680948
31.591776316671826
28.9832431446287
23.987856246523446
25.112631287853414
25.034045918505125
25.72952779800618
18.418674875752725
18.95473452065471
20.99757100553332
21.00558016868251
12.925389190492554
11.241462030175382
11.178652868021963
11.301721558928747
12.896017741426478
13.259759776848936
12.767621662457028
12.782083090670364
15.164684959995549
12.55961249876922
17.907768711670457
6.826453187177654
8.2505472725944
35.69093252322485
33.90128781553057
32.43390551483242
27.503053193841318
22.604789932548808
28.459518872951747
28.529019672948866
25.683652212965733
25.298442071749307
25.88584621980552
26.18581488643982
25.962553372760954
27.840784116296852
26.515012413595006
25.30399081805607
23.29914034132143
22.976146963008784
23.418153809673026
23.766370346569783
23.806257113516267
15.196118727392669
15.25915116701628
16.781156531629698
19.471140883042132
20.858841647293115
20.877395429115264
21.279355223397765
28.130669845376474
26.49688255558153
26.613960538735526
28.77457054363229
23.337793562935577
24.391656384355485
27.363410866363566
26.18803879101516
26.78694355936157
26.825448169644503
26.480567427558725
27.338559564591772
30.626765669145218
34.16975707889868
34.510577243985026
33.731750615074624
24.429445166707175
26.671900076273
27.975924695454598
28.794749702377405
21.540956288374915
19.495542034724185
19.97091260467361
15.201994287700748
20.674744857001826
17.80536828185348
18.63299540693235
16.656484311923744
32.6227150791702
32.332750496811094
32.10044909217594
31.591236451796558
18.25931758470835
20.487108188701324
22.399390558347253
20.111944522760272
13.626514624178704
14.82548214699541
13.820547159737078
13.458520975489938
27.027973440700645
30.378954843990318
29.67196146233374
29.341894456138277
14.930345559275093
28.219776697244235
27.819328871904315
29.300041463103216
20.20258382443532
21.126473997682023
20.130204028761426
20.522923787400053
23.489644351150996
25.016552201891272
21.607725114995066
23.027881318676663
12.022975375620025
12.450350746829354
5.183809100238761
8.030706980723334
3.7840969336925876
3.7400801839123003
3.6867742043696525
3.5709242076628187
21.620089640537174
21.4425528950946
21.520931020163307
23.394208059267253
21.176935521494624
27.292364066586764
27.90273776078743
28.3112612974509
22.320650505210335
18.771781070671
21.053895765856097
21.730388870216693
8.480143188050503
7.204404056523935
8.053145804320607
8.214129090200696
21.013205201712104
20.76716218505446
22.04040195406025
21.79465117031164
34.40540396741464
34.5977985732183
35.340294207212885
32.82049413167959
24.769094734309398
25.51708888026911
27.990072839405247
25.117886524009393
21.80793732787896
23.33960102766392
23.22996180005659
24.358537553189453
25.644502087366007
23.559905415724042
21.72687524302588
20.275427160208555
15.546320150326538
15.132428186551044
16.930758273679086
16.454174583166154
8.061947376270153
8.665292069402478
18.830938064860295
18.613504892118165
20.729611758792363
20.920216475769056
20.94694445615787
20.775220635043336
19.684964872210763
18.221705083343352
17.02655376483092
18.466852012470753
22.11249772419579
21.8896076166303
21.717993988956767
23.810214914960678
30.724982551938204
29.19749445158271
30.039284732642475
31.15277518299674
28.73006361297283
28.402939177899274
29.89642716450735
28.882900601466375
30.11927125970165
25.995287005445483
25.786770161357325
24.06857486163086
22.95402506315391
21.738193068449156
22.679643526822314
21.82709631560195
22.809434816332914
22.36487461305756
21.30498160617832
25.08752960200075
19.8171798345815
21.07922718781798
21.327701563132695
20.513139894286674
22.62632228799186
24.330372842156176
22.712238831687625
23.642031383845225
34.22822262512778
34.6524978916287
34.68331760224438
34.14112433283355
33.51490203685159
34.05958703285685
34.03851666517825
33.714330702752484
25.863765158466904
24.18892473060065
21.81118138106504
22.85243394340936
27.321862944052615
20.69659354809851
19.41196319436501
18.922000854330573
25.88330975024107
24.763027135429994
26.547346914610596
26.36593680668296
7.328206254241751
8.866739934524063
9.181915524608844
13.011843722853826
17.56721114633028
17.931150991621294
17.76572278032451
17.06572550264198
10.87355051062338
14.086360606785826
19.65182656593128
19.475578572875328
18.992217573390665
16.795833282705445
17.33566499203387
17.59398664074483
27.819851379753153
28.793387445252463
24.50381384924097
24.200033370619984
31.109131580528153
31.50294491512918
31.283119728450604
35.59775547361127
19.919853449368137
18.859141045138607
18.767247715410903
18.020996354818312
34.73935552474141
32.2673668081176
31.792098418187514
31.74940496772654
24.08671873589648
23.446351153742633
23.398573256358166
23.385397209600864
24.223112629571148
23.959737425260776
24.39666171333348
25.33966918853286
24.16913713215038
23.171207464719423
22.7952582271512
22.609454774386172
33.034714360085765
32.96892369641321
31.101178167425182
30.146457467084204
19.603060339460672
19.998745490989595
19.225390082915023
20.460297417307142
33.123059323625775
32.878197529887586
33.62772652442775
33.6409184741689
25.878327308470087
26.027476620031052
27.477696273327886
26.896596932897847
23.146491762478483
23.426593838761185
22.262722249676496
22.929949298139718
22.721551683453495
21.981181450785492
22.502584844125156
22.834426061189806
31.989560971651194
34.58794047230355
34.65475684341802
31.278054185922105
20.667042591337022
21.608299720514868
21.99027095620932
21.20004317676255
29.30288473776833
29.691928502807137
29.192519417206853
30.03373294472913
30.199499169389345
28.003750641421806
28.171860126337197
26.488000791436278
28.613365116990465
28.662582324030524
27.310675138339725
28.125459534235954
35.82813696826929
36.28685343932354
36.586072815265766
35.503097088783576
27.99351229772975
28.146892358226026
27.93833736038606
28.73535067346647
19.942308737726673
19.235040413212282
16.50826421296694
18.132384423350853
23.001374762942742
23.103869526951968
23.487289063402322
23.83854024548696
26.73535552859865
25.50756849273099
23.085299770117533
22.606365582802326
22.31001826918263
27.93791218374314
23.978713986250174
25.881761978531763
17.74487285356809
15.583503478835935
17.93424525632042
18.755011408492972
23.795008105135626
23.72654274374396
23.791185622509
24.207410623998616
28.37085346399324
28.1211781920623
27.9131889858423
27.05487239080006
33.22221225876347
33.35451453560108
37.01842822995283
35.619653462169
7.9153186299666
7.555017022815035
6.5307134383558285
6.140431039716981
27.905940741516904
22.1577683346192
22.166291486952726
21.852470316758794
22.992975821195998
22.507832129117194
24.91260492430262
21.98239952481624
23.765048249785856
6.286440734068913
22.227298565982498
23.36011994055361
26.65114615175685
27.666579345073025
24.268242785383705
24.492463065329346
34.46002275556583
38.182774905631234
31.874200210475472
32.1156968458523
30.492710031235646
31.356714934358013
29.145107814600003
29.623347316014563
24.926478803762162
27.669102774714954
27.506891092432504
27.63232842186456
24.274190174291952
24.573659277245017
22.815673204548396
23.703775762442774
33.75151384544124
31.76199859458755
33.96536066815647
31.627371347333057
23.818686344930367
26.831168473998403
26.21757957219551
25.93579201715038
23.41535797858682
23.814597553667635
23.02438892126621
24.68827634210275
23.01545053774079
24.20945524605616
24.04351782739263
24.047614853403612
26.722753116976552
24.77080083329163
26.28398936878394
25.75312883799128
24.907786097326156
25.346573633895474
23.802994514908303
23.088105149621164
27.639579067433043
29.08361305125151
31.575826939077636
29.50310870685877
22.842235411220216
25.098674357170307
26.031583276975688
26.029683033477692
35.3447623230062
20.593436561337523
22.035949874485638
20.115783837226548
14.09376746848353
14.10075808958399
14.230977645159934
14.0573617230257
21.296927766252185
26.640719510220546
22.412593211245607
20.903901316107078
23.130179520177617
20.068445568581318
19.67545445101139
20.815397703533645
12.632358301269948
9.252390695663394
12.256322898082209
11.729885096318958
29.780946375470663
28.949775430907625
21.588370004648755
29.28913479450518
19.05106037909493
19.65961536828824
19.25235521145243
19.840437030053078
24.424398863356146
23.199221106530423
23.43309778493094
24.230362119506847
24.622631574718508
22.834043206869023
27.704996673623896
27.230167957637104
27.240538626469593
33.03601340713039
31.55749236815772
27.487149587089704
22.93289134214597
23.597145174144462
23.72795234121321
23.135235392974007
21.933628879899253
19.92551992340696
23.119547274643956
21.660928762595006
27.621936388641053
25.827468630359554
25.01599737249829
24.85873149039186
31.34482519475733
31.055652470084933
29.34242469073682
31.244763151798054
29.991994975203593
30.40375248637625
30.728281215807048
31.05815675197939
9.11198689836695
28.141311206201102
28.9134731083049
28.165305147131782
32.28907096015411
32.51305456542998
33.48023522101188
33.18307924782768
24.04717661978329
24.723849449244526
25.36337220759199
25.079074120014564
30.264769497122558
29.591335125476597
30.283521352467083
30.681056496263984
28.85381117423437
28.357434377677272
29.09424947962447
28.208182456130928
31.584988528230298
36.4190525270031
29.59917609704213
28.72618613408934
30.260674966825064
35.64899305714987
35.636305711654124
35.47052214123948
19.916105294920346
20.244174631089038
20.20428623976631
19.943096296811937
41.48638502679588
40.593094578569705
38.39802285458699
39.276169886691214
33.71886303334112
34.90104374192423
36.08567776630103
33.18598535190585
26.093323939032487
26.061601576888172
26.44307417017054
27.354849359460026
18.097101188256936
23.62665840270789
25.969961138693023
23.586094919891778
16.805453918359866
17.865717089882704
17.133201608664702
18.345413631369194
20.584237663675193
22.018140027530976
21.094331545091254
24.76082369856912
28.848723162838176
28.08144946724871
27.54972111636669
23.038702265546537
12.33049808842974
14.2933842792436
11.065860703226983
10.873668693522003
29.85890099041115
29.87248988933945
29.888963006330567
28.813550963384372
29.86970226271009
32.02878005679347
32.21535837441707
31.96590448923699
26.137965083489938
25.808716494712865
25.131789100647033
25.38933547982945
24.985172544201856
27.450810969055876
23.927985486501495
25.71537804204473
20.4243144725584
21.8903902941139
22.004569650787058
20.696956031842628
19.195217251912805
19.793529475783323
18.426460705388344
19.986063756026883
30.765876449505054
31.03688359404659
30.13634168641611
30.119138163376096
29.290451347373853
29.281512827327692
28.616453232628846
29.339243897534384
33.59615018278306
32.851736704112064
33.39107186030845
32.75911517921169
40.273332059541836
37.60587862736968
38.110731720736446
38.98376704524125
23.453079522094047
21.01004105494559
20.51959078933036
22.066887215632622
18.08650696234176
21.33263522011004
19.2443651216103
18.741501290358574
24.271342629473576
23.850152734525903
25.161050629894874
24.485575519757194
22.914070998625558
24.731869532385417
23.97893901837997
24.472099868977743
31.757455153216643
32.551213364613744
31.974614454552952
30.46235180933996
13.5750539070159
13.376609986323345
13.287503633490045
12.727994129216723
15.099797926634954
15.782290856698118
16.880424352089783
13.756695926101033
6.051470875987902
5.9091435822332015
6.197530952772983
5.974851386404377
16.49454930254357
14.339798548742436
14.42269625925365
14.439035135437168
