16.667106203002287
25.424480154203938
14.60563174420075
19.389811415225623
8.799014137173243
5.720632785447285
16.113003332698554
9.858531334103047
4.870273887809094
24.540470732264616
18.478705127491676
14.22230687909615
19.089493686627947
25.29550253447349
22.290218654157293
19.212085781116826
8.951101172863758
13.723058783766113
12.281226501655004
8.936188732673775
10.666456633620983
9.176275360733378
19.163816549843354
23.9818615696512
8.310004816478635
16.39724954058465
17.14996301372404
30.983497925424963
21.842078614246557
27.088560644655132
19.94906924666553
14.899015937810782
17.61466952956316
14.112747232817739
15.827771176148246
7.909629743330386
23.516892120741307
31.46500346520483
18.912918784463315
18.33768252657574
21.859444216746105
6.0580595534960215
5.443989924954971
9.016987335934724
15.717189135213129
25.33596795557762
9.093706117781045
21.714685267165503
20.656426074503432
28.553977612877702
16.06705450623396
19.348247032654022
20.143822129246768
6.9142311428432475
17.217237075124014
21.58129745835598
11.486803504044623
14.828035050587516
15.133542786156973
10.696513466616912
14.460896405463822
21.370125967907587
22.08372581425731
9.274469323424434
26.29135852805014
13.197935573903777
16.939175068364364
11.659172888461146
12.720159031647196
17.1116777785293
15.881555012883856
8.377788205839998
16.48645756842355
12.846030783361487
32.956571942130665
3.780356363295544
21.612682368008258
19.153991674089806
20.680787028314068
8.604363764715739
10.238785907425372
24.3051619448382
20.228075408848873
25.25908659582243
13.132824813985076
27.83087755283202
8.532922752912734
32.201681642778354
18.97678908390117
7.569457745368831
30.626907998245382
15.005046374945747
15.963575204777237
10.716188723945379
33.95814265452023
14.077470170340712
30.32307558253491
28.869490158063005
10.496404620600027
18.213940899256023
14.385504442326756
14.9580485897032
11.085581013653202
11.339232055267653
16.50200362045646
8.955285238634836
12.707557354293995
16.826748015432948
19.461531833951554
20.73268355168892
20.252463954925638
20.087850889045537
26.951816642996658
20.415352851538362
18.818649650794097
8.607895353544132
12.852617235726436
10.545117723168216
15.97651652694094
6.967820068145659
10.009567141741382
22.312718415729925
22.318239362935408
19.898723328443584
25.764020188591147
16.39224118269068
15.2200709373353
25.51437525201788
20.423477113168943
16.143613164818888
15.675675305692526
7.374200811882666
20.93970514614333
19.81655643559131
22.373930066524093
21.35076817262788
21.402318330819092
17.780633398931197
19.042195629360318
14.095848275764416
18.04875604385006
15.74970789611852
16.204752930738398
15.871855732474955
24.18607030929652
12.854097735318025
8.427981436018994
10.200549918797515
25.62357660856722
26.34007480550755
4.960020886326732
8.49448723781484
30.020210619143565
23.55564212516596
10.675742301151281
4.808764022027737
14.331327300470223
22.826727230182016
24.78956936995718
20.595003354625202
21.807032447423367
9.892230739350465
8.496395546008607
29.370849732487976
26.662319916065126
10.904606776999088
17.411632878097773
11.159427285129313
26.608168933387493
8.183189486355904
14.931832783800573
13.821860389241614
15.51997544316465
41.290112789449665
27.10665189413254
11.84292673116413
32.327777432247295
16.88861751198339
19.71984980916674
20.630499285742417
15.525193972401524
26.000999291367865
6.865030305636832
15.278151371316122
8.646805325882331
11.149927149197822
27.575139484316136
20.5190693057343
13.382404716338987
20.554298221644434
7.3396161165146685
27.408432632203763
18.77090707028003
22.92038846867052
21.621793936565016
28.394284198538465
11.464184015107064
9.59919811263833
20.453007874558327
24.252757583535622
12.460766789974244
10.595189240751155
15.946203235971785
8.619760360771144
20.056333542678292
6.641821329970914
14.379593705576543
29.22581959043221
13.86859528482732
15.392229667240851
12.627018314856388
24.44697771507052
17.119869011395384
13.707570406589943
13.653817318443469
14.33132039029823
27.326812174252733
12.642470303801844
21.298247337653617
4.571142159509012
12.087842037305693
16.82724466367062
16.061167713928327
15.233078225988612
16.650429898914542
19.27475913971078
18.470459201991673
11.212268796038327
9.910008166296691
25.82243748861011
26.713440715876178
17.094799442469682
15.514749393125104
25.128109372676576
16.49821297303247
11.814317468180803
17.281181110432943
16.454080640840036
11.436478037709758
11.17039736736896
17.26621025938533
24.35681859646911
5.475684010220963
27.43335851213727
10.705202791733283
35.68164179490799
13.832504469256337
10.06649540119557
31.985257075979007
21.05143377977126
12.883525355250844
11.110245109379822
18.022053654833492
16.916111141986082
14.042736429901698
14.880181954079319
9.70221081080895
13.059520003573184
10.518234254638475
27.483128986416588
8.424329863084312
18.8963334911652
28.189833320378572
14.557853066629407
18.664095068100615
11.151677767739097
18.807521828961715
19.764159164406298
20.214035872348628
22.06451244035604
7.301864436852383
11.951087879909458
29.764721932876572
26.282547962991856
10.301264095009616
17.72362818350086
16.440372091888037
14.815356760945305
20.802022081825644
18.157678781676555
11.333096851256451
25.39002252508196
10.670149886068625
26.79761533884945
18.551472281855045
18.956547289584982
17.414146043500775
21.753098903608535
19.712590774984054
15.67261797634802
11.941413844823963
20.286025739771596
16.365000035447615
22.348184723027327
6.450246262260015
17.86820252752833
13.35797963619353
26.28640606764614
29.179330876044002
8.738931682285047
7.665115337601687
21.341776433020126
9.840136678133241
17.956311836662913
19.238148247377456
25.409340666145837
15.399643784724843
9.942162918016129
15.865652702712648
18.845173158370496
14.201751804833293
5.677268035625804
25.02615692198815
8.840056656389137
18.064883411847234
15.944556325750433
12.373732444169711
30.42492680967394
11.691137021804035
12.140920064479372
8.836213123627664
16.791067090347173
13.593584767987618
7.762028489231085
20.801891070696968
18.110791472212657
6.26129144166781
11.702676498002276
26.612203447614764
29.702654162431553
14.458616547688592
20.908759977329282
12.609802600800835
14.450921077269067
8.389283197482863
7.765019860376842
12.3301316566995
7.963543155679455
9.740510672745398
13.709719375290172
22.356846098755224
10.8013092282805
13.453954321937761
11.715553749601627
10.44577764126893
20.66219185304147
23.723636297423177
29.371459881737636
22.49498421605423
14.150045240855261
14.858304211221181
22.246925479258934
12.880247354422679
24.553590889279175
21.668714980566058
39.57697679813459
26.004165122783185
10.944912428013183
17.1972590659054
19.16490313692281
14.637776765313431
13.679113818528535
20.625282946072776
5.146681789436696
13.90839839800472
12.159610737600829
18.362646799530374
29.90687554751683
7.235918322323622
24.124881446765762
13.847498583669758
35.60036163110081
12.434696589879465
24.478498893151333
14.92755210891625
15.401895843458483
33.92195046991637
24.203657903561194
21.45857554043044
15.386729054762831
29.054485529112966
20.081701867844632
25.564341911210608
13.554353092009336
15.36231199593906
9.462608914057956
19.170417282444646
24.559403282819122
18.60779545559063
18.470731364416846
30.02457436034163
6.7491529438514135
11.16539037521053
8.435663441332602
11.980670843919201
23.250412393422373
17.01791384868165
5.01944822696618
9.624468736713819
19.101133751663138
12.21303472858307
10.481470102769524
5.851353270274842
19.32355709496177
18.840186720371097
12.089669701566468
8.24481374833753
9.960321634370437
20.60726952132386
17.390835521245936
19.193660702486106
23.28970438820793
19.205161434130442
12.422948539299348
15.628648724579008
28.000145073228488
7.866814957544653
12.084185842951024
5.336456103433318
19.12164091663859
21.315824459851438
23.478137907029296
25.540673865617173
14.735712680510426
14.748304055095572
23.542707458266985
24.450498011916377
9.030432381533355
22.82808166377539
21.86818841844414
26.26744492396349
17.142446970297396
23.62829193355922
11.761164480764245
17.90702606891511
19.97864433693935
22.32105381060046
15.8879234850004
26.781814982354543
15.769422360032042
43.829398877872656
14.434446608372266
14.398098119867234
12.940988130105342
12.977078757986042
9.905306053938343
19.98700059852501
17.314431798577008
33.65351131429718
13.029751074918556
15.910166070893098
10.432652851309564
15.110102998618585
8.198332607178495
20.312845559686263
22.470492196857553
27.169185179622406
18.920872736056165
22.302194055136106
38.41861486404429
17.73886339189112
18.62617231181724
26.296775230699872
17.06726005089212
10.773786152665592
23.67906768516927
19.461863307492518
32.31979331268571
18.251397192211677
19.536221872183145
20.364577302508728
20.27427199419478
21.6724493974784
8.27745265462607
17.61091574760368
22.473221577521656
12.439888924989198
7.9559058310680655
18.334136600356583
20.626174018130648
7.736491458202026
25.381944812597762
26.631343617175666
26.850402935782796
12.863117459532708
11.110689623980392
24.173643804494088
11.52548812116377
8.71298023409418
27.745342150567932
11.582384468690524
12.618864943368274
15.732706887741637
11.238784651220273
10.217496875054678
6.173982816861838
30.736186162162163
7.7351027829694745
18.307995602007967
27.005114150451757
9.847394143816427
8.819533951937446
19.553618332114763
14.715614334338921
14.264693663578251
33.55858458245886
9.835312321180368
15.864887604216616
11.535465062894065
28.534747513715068
12.350191782831669
16.77177523870386
7.978928761767926
10.201109681030747
20.051366651938988
14.738900434069416
13.150655146291879
27.903007724063308
15.530375218434033
7.967315794859103
18.24309996434905
29.232300911663344
17.212420267450618
12.506218412988913
4.540763684181657
16.014822474608348
17.806639334002785
11.310224499135522
20.303363034834458
15.121775614286257
12.293924384533534
20.289132969006737
17.889234499987463
9.785677538803633
17.227266669688927
30.255369537524516
13.721924677489392
18.92602567280369
25.43311646934982
23.695147991530852
16.39543875314628
15.170968073961477
26.577106732592746
12.948610581140723
34.812395324721884
24.23055508382729
14.271074597544887
36.12495842562575
29.308864700466223
14.388245878419015
24.929187205779748
15.536914838297648
16.515250414991467
5.703579817574621
8.999266358426794
7.828865595685592
26.653795748087642
19.590348881406385
22.139210028357564
27.47794742192878
11.622338033843723
17.104038114196403
17.92535652727656
32.03986628643989
17.20694864059427
18.694747293610053
18.06594401627513
21.577348658871554
20.862528299098084
16.074341391629286
6.782623937677972
16.533503795515493
18.48951950148274
18.76572808378901
23.506243975660162
22.945883037789162
9.928585507890295
15.467714109172613
11.476580015227421
23.754076616635285
12.127553988446545
19.965212612835852
9.863340772910867
10.362057088100325
23.277630578534815
14.031700640828486
7.3409534232223805
14.13756568349462
15.036810413753084
9.7347734363773
16.628352332498128
7.949007967933744
32.83828292290144
13.45250505191752
12.826243225283369
13.618968530456051
20.78188287701891
19.01418776335312
11.75226574161932
15.676826932844532
23.254694530126397
12.94428640279824
17.233655531350045
10.082225135108429
31.444532012444935
19.60153327236834
15.019872110890605
9.305562376572317
23.2106447094438
13.588834201231181
17.320187082468014
25.16240225423749
14.269540436339211
12.79671585987505
9.879860902205854
19.766423364566784
9.778381936316324
15.396636750666488
18.449148312351554
33.4356205380553
21.880472535485357
17.299956863752932
14.046571483411823
22.53012523480185
16.658573445496145
25.500306176520798
27.080694390176387
10.912468303038418
14.49118365719242
38.188696836011665
16.07331491756599
15.371203447413558
17.03356525680076
16.326795145751507
17.47023203963335
15.453720384020906
19.18868810380979
13.068558429386577
4.709207926756756
26.336690997416554
15.947587892707096
20.442431152097903
5.1693335069964155
15.991103978448734
6.466204483826506
20.32712147554656
12.226663966084457
9.89700242226169
8.14978266802293
28.361558454908316
15.415040300499939
21.25552246675847
11.126295558261523
34.148661544934384
24.276412820025737
10.212171304664848
20.178504069495993
27.493671817518827
11.172129310872103
16.837328932458462
21.68432419999834
11.255448814761824
18.803653073517197
13.331306443681285
18.969838145497913
24.408223578161582
30.584032884088078
31.165435332798857
32.01461081988226
16.694719463938036
8.00090573098266
15.852708101903396
4.54539807742306
22.524998223690005
18.160719142493157
5.523976158320214
18.492700495401667
22.12043940704344
10.1680852154865
15.020335326136331
17.286442204077023
16.889649988715654
17.962279489724832
27.85794236682373
16.603025771983084
10.329952486967521
15.048359851516503
20.199269690822614
14.727700419251104
12.664992618583437
14.117995098842231
21.08251486250666
20.55000133049842
19.215155043614587
27.725565982057365
12.705634271707936
15.924897128470425
16.271817743976708
4.326849360651203
20.59216197312625
11.351611605678418
18.619452368466558
18.441884817465056
12.048428171443188
23.73887819731678
18.255401002847446
21.08463401783569
14.000228172045766
24.01372826844839
4.848723905897569
25.27372777706133
13.751660609301165
9.840733798412595
23.448590504419442
8.582867153872318
20.47343966632479
18.209729656261416
16.78052118710389
17.23828923323852
21.227117075482205
19.3701007690582
18.614781849532154
8.818279049035786
15.755311967631568
5.913191607474725
9.875369081409216
13.645110172659617
23.479892553273846
35.16758926982799
12.67562781226124
23.76476549498017
20.415135025920144
18.06192533938984
17.670716225231253
13.693416234980212
20.098011212709277
17.013268151960258
28.030854578098655
9.814729473992612
20.017243804650217
17.239024360894636
28.53605671640495
18.92693937533642
14.077445695017479
31.588847625836824
20.007850571758954
15.94494302566942
17.02254768812289
12.210487448245168
25.370383376337088
8.4224098469254
8.857628435075087
13.05684706728013
7.826516644796137
16.190369213800402
12.379216690719257
21.598453494827105
34.73661802581433
8.940136332905599
18.775987685232074
15.599141603641703
16.513800642994326
11.865831319781298
26.239461607747998
22.51450803163837
24.210924948061454
20.689622453871134
25.72147077810778
6.526171859263352
37.24542275077794
10.120165112946763
10.535853659296604
11.321541531439507
11.679794311591339
7.0429700677123295
12.8716610954057
15.895626829492334
12.277108974228675
18.28906998765901
20.61343781725725
14.297609091842716
13.499903363015754
27.855693413460482
17.607438262937382
33.19193660065656
28.952899781906297
43.90203449866788
33.394289647607984
21.95577035494129
11.24892323966783
17.158385837245415
16.076574143624416
16.250826514224403
13.263074380111654
5.921737901307821
24.13467041117863
23.613334445601357
19.002034803912572
10.740792443096144
24.632389327577375
11.561792445964535
21.29139600114024
11.376053493758754
12.748807546170688
21.25845606114163
13.652424250276473
20.308383381953842
19.597145217408315
26.835755157102103
28.89598249135646
5.393477726190948
16.457544624051714
32.33128160022723
19.544096242164937
27.395681164685527
37.03665222338616
22.225486669279658
10.672480464786338
31.563008224938844
12.308148918059274
19.33457757328125
15.296809874242909
12.312890608572275
29.758776559101136
15.133067725356463
7.019282290934827
21.110989978225042
20.554322346165314
14.098224987300501
10.476697427674491
5.86810668974349
17.350801147248486
14.947739510749784
20.335967647180635
13.306286815315632
22.922857762608384
20.938416599496
31.45841213018419
11.897336372955685
11.181073452467544
3.867818274869425
11.70125680664949
15.960900883089648
10.853254753238271
11.213931561453828
22.05424193927496
14.706466277134776
16.788307919475873
11.20782008431705
20.48504583357866
16.1416536035149
11.593285618220545
18.467231245477375
10.438726717998225
19.943036616363052
13.189150939419191
27.629052986164904
14.978952687300707
12.699959698092048
9.775419856203216
14.620224181038035
13.066667961356066
13.920797405000478
19.7275426016008
22.090625742142215
18.18315077744302
15.279577645608635
23.766116291782474
13.04696254797441
7.861884610444191
10.730924538701146
9.663356068294009
12.730801662523197
14.353677471471823
27.26198901093154
13.690037117486584
11.979805947704
22.9710568723676
20.08158209734704
18.76853078189359
23.435143942128008
12.600076308454922
15.741907392389832
27.251118057611027
10.68010773126576
20.647412612153808
13.731496634042205
17.97487233313788
11.413843516467967
19.211742418245656
28.837458673405955
25.751361984059475
20.376666586881765
25.341975929326182
17.66508328508024
15.032900659752547
8.150473332593561
15.663425761081847
21.803878179820558
20.344267081248724
19.001366456836983
26.797328908464426
20.420095643830855
8.112529447106983
21.871933484640746
15.679087245333431
25.87324404613628
10.569443882221718
16.29234018095932
12.422306182733957
9.667326708298196
13.854490137595755
13.050508673372565
15.63811939244505
10.243126366994503
19.537576484417116
17.980048633676535
19.734980978365556
16.793994267410405
7.653767869639849
15.333247802098201
20.791517539327046
9.853534648731738
6.587837031774198
9.90403155789627
6.716050887811121
12.171771785916937
22.166909522982802
32.10800513665279
15.513094452167561
4.35624949819809
21.801692226330434
23.366943827686697
4.5310062136964815
15.060993957551107
18.69113680823253
24.953854040848807
9.182137002764037
36.480903258340945
20.537316577936014
20.26274375040562
14.513645923585683
24.30672939100763
25.930701442710685
24.629600119370888
11.233119854522986
4.4857994746698795
14.932138798493753
40.57191796329653
21.0193156617134
35.00956941538056
21.346872225596197
14.671851061273443
11.696382685296365
25.710261551762866
12.4771748609759
25.664262061449385
8.581118819585729
22.271705789220977
6.387458984149839
6.435129117946491
10.195614485811669
12.011335402902384
17.22750231526012
22.81552001686176
21.990457366583836
24.694680708373266
24.922421282771975
16.950301084393015
13.148945367396609
11.897738515767589
28.388098625239977
23.08358043020085
22.785131878499495
16.607255876058776
29.326382798230316
19.66543359227791
34.55467733481012
18.011595679309895
20.20067202119165
3.979579197162402
14.436838204798066
6.802017077299626
8.874284604376772
9.214769743048832
8.031775538194761
27.235776026696406
6.915500217713655
6.181414341168878
20.051990137780752
16.42536530681007
19.268493617823204
11.626199300003742
12.127947379490507
13.43715071262081
14.544925910003581
19.790775428466738
6.6402123468317376
5.149536482682838
20.17006203632755
17.049504937839234
28.01125635238888
17.113051458186682
8.429853268045008
21.76397230489272
19.308353565860738
17.319954196974034
11.527367978624987
20.267456683743383
6.455162911411331
8.43534426127445
32.55752941339189
18.942626320645413
32.217893781223616
19.388690164902084
16.275038464907357
19.93722514546833
12.67505891691691
4.39419849980572
6.390106829673192
12.681552855006279
11.514653281962495
16.299245066136947
21.407022228149792
17.481705813831677
7.642970193410585
21.00604407393768
16.01697248070674
14.797130361152222
27.42868552440587
24.840762718898024
18.14884096472353
23.95060053911168
24.250683778452572
17.76297896570808
19.994826421413947
17.544564001698227
29.240499924683558
23.41558917841123
7.799977959214566
11.579998065137293
24.432849001565042
24.40977714972971
10.541720514870239
20.68575542440592
25.490805663518376
14.061351498270277
13.95688059137873
22.611031536973133
18.291612882524564
30.145579387950054
17.888081070570195
7.599119074856385
15.948048740398912
10.238900475258728
16.398724147519832
10.80964007106794
18.66686583168043
4.847314244311307
21.078781710223076
15.47664542247588
13.502983909279878
7.261345154809641
12.294337168978657
13.824983954390758
14.813785356297407
19.797175673067947
26.119612149721306
9.520765489599784
16.297465242697033
7.746209713700253
16.593956819157295
10.52350759662919
35.10531709098701
18.705340414022753
13.110299720101201
21.668355707343434
9.172615673435542
16.01550588190781
25.32102938191099
8.408484417113398
19.190746004563774
22.00072623758955
14.431959088741266
15.868884034252554
11.330438309055905
21.579755210758382
21.2156969977232
21.78824717251006
14.905819696423084
7.379233746906041
25.22626495865529
30.091502609634844
15.284301307872616
15.953244127735326
13.024481108688061
21.361050899945457
20.988519696124566
21.04622006005489
15.486064268060545
18.87454661445324
8.723552833299207
24.69440989064159
6.879581551503535
20.963333885665527
26.84474611869736
11.374310028059535
29.920047710221333
24.97849608216802
15.790838563538918
5.934494713834124
31.21878017145584
17.28866207574439
31.687927715346447
16.556337814913483
16.08259188870919
12.256779655157551
27.269231955965427
19.46800033785223
16.399747916238415
21.484974232029096
18.354786670205854
12.06539837776483
21.77855334127757
12.250687115987615
15.82410828041409
14.824401595490869
13.125299292193791
19.877185931790915
9.654156431581034
38.205076097396294
13.4900116829219
16.756886772361543
8.723596842643492
11.321195446039507
15.466493872682854
18.562102834020642
8.249436904475763
18.126959699135924
17.401151320578077
13.797172835789228
15.395059757177505
19.477957155692753
9.318292032462184
17.44546093493012
11.561401558494929
5.16588285568705
19.11109088726572
17.652601828210877
13.595022770432337
21.40957094180168
22.617885471302774
27.67280288449942
16.85233325743207
14.662015327739972
14.958912297698078
22.46415493245643
13.897123636988283
20.66757646642458
25.43069656564581
18.15032255832986
24.238788014369714
11.078428221350066
12.766746166982264
10.64041409673107
33.02238493259828
36.05625616758389
10.967760041026823
12.365958297511241
15.905738333810602
15.7149368106083
18.72962800850767
9.661192834613336
10.833506272812583
11.537446785023594
16.224617316016573
28.343707794501867
9.360304705983141
19.325478935118408
11.576899606984567
11.864263147517578
17.796069714505435
12.779188272892121
16.44796949268559
18.404010868465562
20.03557206382618
23.37692863157197
23.55255588463016
18.00427445128015
18.302611177557214
20.724436837602138
25.1586733015525
25.383464392726932
13.018303831865747
27.612938444877138
27.268537908641267
23.767814978210456
21.854114201236413
21.417078211248395
27.54295243719998
8.4700470002255
10.511669721771963
29.02119877526317
22.867111442171122
21.5771569808271
13.690864732529317
19.537791827522383
31.43374619573535
13.999701055301522
21.658131351472004
10.349653777683491
17.07765214305258
8.549637855465853
8.249390140268856
23.370017517529405
22.019678752733927
12.576136361045968
20.99832148603729
12.058243613040442
30.853979547430928
24.267579866437586
12.182411464161248
16.002882475757634
19.629943168698595
12.168029453675388
8.372108276992924
16.418926681360354
13.79152389445973
16.84151029706814
9.632325606515476
13.705067160666216
26.69109486418645
17.56303116519723
17.385310965162805
15.727448590255896
10.585786858021327
10.812362443396045
18.906427613480123
18.60355763468328
6.996980019835056
18.065550955478397
9.469973653011138
22.660336643484463
22.7967709414998
19.98203822053387
10.319648665849947
37.80268732225865
7.3120696147161075
18.122877058633588
12.108909321259427
21.808922176391583
17.368260618199916
16.54026112987947
17.266194767721743
20.088455667503812
11.008675137761335
19.7565803629923
9.961926612495168
12.412575439794576
22.566073455356317
26.999402404394118
23.306502340607683
27.539171193968404
8.184269129703344
16.781052561665188
30.604436815865625
9.233791700283911
4.453201319341901
4.723728602981992
17.32638770190415
10.417904792017941
14.921914148040859
27.9736651389958
12.74407809618886
15.105735644720262
19.276923359422707
21.17283439018424
7.3630697946358845
14.56189231789558
23.731957323774715
15.82238754325839
12.2413975631002
16.256948769938507
10.49093417530595
16.671869425141633
12.42465171455491
12.992683322500007
18.316749700188087
20.28728515616073
18.109655687635755
9.453063735631467
8.128392810797854
12.41775810815282
19.02620191184992
14.958088096578319
18.741340877607772
16.1764001881788
23.26360703454285
18.91316449644678
17.541245316849302
24.39584663823988
12.530233526221924
28.175709607566496
11.650241426308956
13.985626085323748
21.61164511322807
17.34222277692311
27.806424116671884
15.701269505666467
29.099987777126465
30.717768759899748
17.421320442912034
9.854819391837742
25.85381409638617
15.076603493157574
14.968264049094804
9.485279006253194
9.616297479493314
5.886277053158684
5.604844090254159
22.451179373059052
16.062738650595808
10.536922919991156
10.737726646124097
18.85638648704041
6.333255377113479
3.8843925387549523
6.447252097518923
18.27866067420536
23.000512799127357
21.053255842411346
24.293800059329993
26.943908960369154
13.645823567129172
10.971073807554966
18.468155467629757
21.36285089698311
6.967647021764336
19.967970708861348
8.509930077366093
18.514510573760386
20.43470393724801
17.543740697227832
10.028059934401528
17.68622038184381
29.057126822140905
27.951430952785046
10.976481050685178
23.290315551790744
10.410085446547933
18.201989092121504
29.12875397630339
8.107766458275163
20.116529691362445
9.734868415256148
12.49751225248715
21.962639907890413
16.806852177726046
16.991387552954897
21.89624259550606
13.451033120711315
23.88999389889738
23.677362175623507
18.228305611387444
7.903554964545192
9.095076670117315
6.166027704019824
25.32519385071657
9.817593989054775
21.037030052439906
26.33447992624876
16.34867462697029
4.77559421387994
14.240077147252403
23.004916306867976
28.339699911112355
18.46546595177541
6.705163949882845
4.408246234829171
13.394166543380743
21.747717287855842
22.42843763577847
13.491765072381233
8.922005749128337
22.591639737591887
15.049481389719324
12.234680054552955
12.880973628207194
13.540574817216097
13.394563481617222
8.291880518286696
12.61349588766453
25.583201036144015
25.302147082232423
6.334453431549681
31.061680064293324
22.295594060813663
19.16787418939796
25.039299589329325
20.706379142500683
26.502094314120892
25.123278597797498
15.495949141705125
23.615685256166255
27.618243418826225
21.086871708155435
18.573051459094685
8.227958931213097
19.19380473773553
11.087598156742486
26.182775897500004
28.139169347430503
27.307493785390033
20.48436296369584
22.501451676430047
21.409933797047472
18.17826275084264
30.184952905542907
23.712718512696128
10.611703890682039
15.682571152438493
16.847757157229367
11.45187646286595
19.895039180408446
11.702549129019943
20.357260364223016
16.88216608578361
9.307073350620065
20.894171248183355
23.867629573518347
13.985915579894032
11.372791018890695
12.38791433236835
16.486352814053674
20.56684431554746
15.290775888415519
21.976680744281833
10.049602442016871
8.212292478787827
21.57171562907356
4.156779147782082
18.942390124146467
18.72711607586513
17.04794195946088
13.388687438595442
16.43406055163735
15.06591636330132
32.34023072418801
11.260786430159252
17.91706161712362
10.045328394730983
20.378525643108077
13.259435138532826
23.48515791108898
21.442270232064324
15.729918426407881
17.887116437516173
22.76918660941904
20.8987875179365
17.71175315439892
15.695876210553877
20.999112242180534
7.0518835574648735
17.065927867134754
17.677973548005433
20.827472812410324
17.905222220915128
16.164548364192463
31.186365439612548
22.431730016415553
24.28167998462521
22.16702146506702
16.290572527816582
13.367802674129248
21.469269892751868
23.657761059399036
10.955102118544255
18.40870133725292
17.938529844082602
26.384181594248005
12.705202852428313
18.58936505162459
14.866096605221259
27.034138446531962
10.956375413992488
11.744613615194458
8.666333810514883
7.555633914163086
8.644424071971343
34.41363285945928
34.26082395620146
17.038614071477454
13.056095652293184
20.60766284575733
29.587691828816606
13.570910170924542
17.143683951267963
24.654030229275687
8.693183279342332
22.361509126252308
