29.427946119544742
28.73480914068259
16.0778922726493
23.98685506679443
18.614787319423986
20.9898023856508
19.641685595242507
17.26621927662629
12.13147016515962
12.501938277200148
34.10526223312494
19.33887032555624
24.059896470404706
13.902024299472778
26.689569483342698
11.907692968612775
18.51946695558326
16.470441448722962
26.901601568390856
27.338977809781053
29.954407609803496
8.912537703860766
19.4846285587326
7.95763907347629
25.12754450038026
22.115383631270404
31.148777054
30.07311372423616
36.40969905462813
12.968277025202076
20.323294963119107
7.803940053832608
17.61460817448727
23.71129619480297
17.504163673169252
11.427873871324703
21.815747448666578
19.938046334162667
26.2025143400126
19.56672174430451
5.7672804694681865
24.251689424241658
10.006317358467761
21.907315972605158
32.792842723043485
26.51999552710664
11.090947344123792
22.231684582648814
6.568404251402858
23.105508247676955
24.672179333885627
20.136603163626482
13.924296172204713
8.913881735894249
27.98924686468247
19.92842175651344
27.64201488025072
9.868126953305428
18.380167454527548
16.33984732914499
17.98893033477601
9.992153933109073
17.523234987712815
15.222628643058782
17.36353064653617
18.639598688454576
22.420578365481944
25.788258570678256
9.901018971006497
21.970560577168975
17.415382757825306
28.188753500572677
23.004265239934437
15.086295118986573
19.332607601959864
22.28965631421092
19.92386871540577
12.123938663221717
11.50120338860161
23.86912149144808
22.226416884531982
13.00615433810167
23.33957422779228
22.379767712569034
18.139016174901553
16.5563763173359
19.753628502219488
16.248501339683965
18.721708395015913
16.952871790708254
16.384807402557833
15.093514947154889
22.262707774240813
22.93327321756474
18.753030073294607
12.519996360028815
12.24841308233588
4.192087647327086
26.888101624297306
33.83788955432618
21.445951215458148
37.21435972778747
14.992710348997289
24.940097346547407
9.956623496625191
19.84056739633661
29.259877308358885
13.409522678925201
36.76682742181562
18.564780087213116
18.942158244888027
24.11082634162327
8.28522329480112
21.11872926018937
28.25705614867245
26.959750669384427
28.922309668040967
20.254810473645303
24.87654766819124
25.775791410821913
17.138231271843036
18.136205019114243
12.37959391315267
13.551919483415523
31.762132543768953
14.767354280660017
26.41218878922627
12.542572813449732
16.538471249432483
19.460435223278097
19.760616611727933
13.961405235469348
14.30303523404874
9.561660585648358
18.395147704353818
25.099943688510088
8.525169050107781
31.58540712259581
7.245365411442702
20.466825999273436
21.375426656371463
19.775209647266763
12.267500122060492
12.667995080180876
21.169898431728836
14.207279709595646
20.9509522403997
17.713433917037715
11.540959696769164
25.624144758150617
27.861939319931455
12.661965280589598
17.371997704772145
5.4195929963513825
18.38870861019902
22.19206243806961
22.32112218293457
11.676371210677548
25.36098769018895
17.69159189846573
18.530732700046713
24.77244826050525
22.102486851639696
24.907673258665504
25.29464339660438
22.90095738840609
36.23001689024034
32.90993117411547
18.463820755825704
10.548021021447246
19.738000268663097
15.677842015662408
19.721034847459848
23.183143478347557
26.9494594111057
14.685641234600535
19.258429844160236
22.652862052695138
29.0281487928657
23.157856640820327
29.848104758479547
13.984077944316342
31.421163729058232
30.23225531139045
9.423016780853148
11.57670712546338
23.24445627750366
28.231926419318434
20.35277222479766
29.828306973460894
34.13636730857298
15.895113879534904
15.16108236317682
15.079564109282733
19.04869251621682
13.453351128071443
6.717875205270149
20.7631933842757
30.524971058800148
14.552966886226596
12.2018667568319
37.63270556705032
13.272893829400935
20.001107797677335
20.503210540099786
13.818476776922385
36.48260792214489
15.445132809370065
42.430702427509985
7.263010832428898
14.200048056941833
13.775785697715778
8.120614708267489
34.59591751687534
19.737248478262924
25.331264673590113
15.705687611626514
29.26731401109718
22.407812026976007
19.66507171685705
24.1425870231914
18.795509351155133
24.773514329629478
29.008115114836546
24.648346919964432
33.705509962600324
22.963565375457534
27.00194576170882
6.408970858366667
32.39087722050032
16.25620698268598
18.413406489799712
21.071996697828524
27.225281872317947
12.70891909470379
21.97591296331245
12.902195118501016
13.48081051791327
34.29045084446141
13.863350850427025
18.584077568111898
22.759912634867923
14.955084269409094
23.47034047441464
21.40458110516348
34.08602525739816
22.162376410888513
23.713837399766206
22.264353608593723
24.56464613692993
16.29130454650177
26.321971297211277
12.3240351719762
25.429584164428903
10.342615506729855
25.922740151887417
22.761927869878456
18.81803923368404
20.500773353543522
15.72452722178126
19.222034714663796
13.184531813977435
21.95837815971617
25.60629922620681
26.642003978897343
30.913360146383617
12.460114701878254
17.69208519357089
8.530884309926993
27.49470097362161
13.552062156570036
16.200570409434192
15.507728589643966
21.017010771142854
7.964124609325536
3.1591364094455816
25.435221413452325
18.095671079837032
33.133466217608444
19.26498931037187
21.09665560519675
24.900796989888974
16.292388356143885
16.32991265689903
28.63054925375138
20.099858205348735
30.19662386700734
23.03833683081358
15.266931100547154
35.25933988968316
20.2784357071085
20.671814305882428
25.946519411169298
5.429226148304894
22.70987120565955
23.869044645257187
18.45145423738358
27.28251395206143
11.470339498851105
6.504338811259863
15.34536207603451
17.03091209327287
15.780092266442898
26.68092333765091
15.97431192267884
15.403955537473383
19.687471796740212
30.275690098809356
30.893645893638443
11.290903610809265
29.115372901883827
8.162349442959863
30.81705578144588
29.003233060472287
22.813715271768224
18.6644359305545
29.351452847524705
24.017868960904497
25.593410453885706
26.87105526851378
21.477411313515415
16.304939750836656
15.734562218110318
21.203809280873624
31.941911419792127
18.71610954830346
20.09280922105516
27.514867438597463
11.321548484555496
18.50167496766907
24.51227868962682
26.334493979077223
17.110753630120065
27.620481714831204
13.015481144013897
21.52467399361564
24.501657465176873
33.33970233517665
20.10438297803524
22.553934904217826
19.128131741880267
16.828539758175975
27.92716367269658
15.98844619366765
13.281891481748685
20.521419602171367
23.4326250596303
33.24019623737243
35.81235075315543
28.237584219391014
22.07685874642227
32.16519373591257
13.887044828217588
9.254473367369853
13.188331577773363
17.117999653549607
16.78977422666024
22.36666153248968
18.93235940986202
19.940193217202804
16.76620292805036
7.879242365551408
27.098436113394396
28.49937716207891
9.017058003630543
13.609180821970325
24.3857940351706
9.428215714108116
18.724426126829698
22.19136849259274
20.206538513658792
26.039783106073696
7.092267320831282
13.529641668396508
23.79223021817511
12.776886891452882
28.26215138844331
26.687114986447455
17.75352548933978
34.66770288600421
8.934520394974323
19.14953291733755
23.571962275168556
32.37610523510437
13.450898306295027
16.3476427263383
9.77247466559572
29.476654651681347
39.24809367258986
29.75492243638541
21.862556317036418
25.547745491781267
20.63817437771246
18.885921925498938
24.50358126961897
7.289409060544752
15.310369934842756
18.42147786053911
20.92689117145228
18.919150695910545
14.627828931571797
20.934591351854387
12.452279973249727
15.381898305235808
36.82664154327237
9.917696414944338
17.275452850922935
22.06880309568424
22.74485360412057
14.640707118911166
31.235292699116897
23.041645274633613
21.26838095562435
38.828934143318875
22.636694812556932
20.717017057442146
26.977686929703424
21.93848724843184
13.569668168782302
11.76288884624152
29.72238159577826
21.004325658783966
33.43190186981867
21.107341789446586
11.769117900828933
22.646317863427466
21.986960563103704
23.07962829536707
20.56601463576033
19.3478472118029
16.229088201771646
13.943081038089248
9.172457297674342
24.40015509914015
4.4941651330044525
21.707992011508637
12.082014136723602
27.58422673849972
11.17413538608509
18.116904225128994
16.66342938297942
7.715506955505417
3.7392855799258866
28.673356076351364
19.08190631106998
13.261784078683911
20.67205258695535
30.324062143359395
14.9434712586777
22.72235489920921
25.013546708636866
25.36619094823292
32.669896158176236
13.577728784290182
16.933831842258467
30.470110517223294
13.377243685870903
6.075855190555749
19.704880494935825
13.732902622566542
19.2328681600739
24.421889950529824
29.763777854747868
13.56473600017178
16.257869584712818
20.760403110688134
24.125773025764488
29.466300434710927
27.73171786687852
18.65833473857786
19.110816675157764
15.576975841595239
18.800758692941262
12.228625667318996
23.812817033107414
17.605175496952207
18.381926459751956
16.752265077526044
15.150765736938553
25.800768343442456
18.799707541291507
25.10810566801337
13.78461666173014
25.154168519761605
27.27704817310713
30.84578303040447
20.653901023521197
34.53689106680052
34.0882414069083
23.53923021156856
11.38740987388247
24.28390975217638
17.131580605069153
13.69524817868381
19.523489243222564
7.674749717950011
34.49733854057266
19.390731947322998
35.13177986058443
18.063893897095486
19.83363967231229
17.71985825610689
13.301484096311231
21.757474849441287
28.80797504328376
15.012956402651847
10.877634872259867
7.164589807958183
32.414379075581955
10.054950968828255
10.753480486127193
17.553373454001413
9.481471447465708
24.248057424142743
10.666184140326703
10.077116067612517
16.702109619903407
14.381429883874203
10.805341081930907
17.01799184088339
11.51421477287894
23.141059104990845
10.041234736596408
3.5438308134213803
11.51570381864777
9.466720380064162
11.99926760684981
10.71474453127223
30.345624529069486
9.91112195301185
26.994547667426236
25.257730031234964
17.054717087111747
7.752499682739466
16.59156086749252
37.03192390160694
23.301876608765593
21.65366220488368
10.461038480255635
27.625676001993824
28.98576828654908
19.186453297367997
20.138556374122064
23.528800397596008
25.073285235428273
23.359786333172995
12.575197177544014
16.637956679389756
21.509259939004355
26.144979310821835
17.068924703602494
11.176712011479232
26.143096388767656
14.949848279668426
23.423003334125376
23.05311435930753
18.744244862561196
17.564801875293142
19.248619834458342
31.93264352590835
11.915011417147324
21.895644033014957
18.39584213169068
31.672697826330957
12.912634023630766
21.937914502528596
14.79535456391026
25.68600506553855
20.23893883423658
25.731512304461702
23.033041561387563
19.077900185761102
28.226945664189486
31.1196528478133
22.176351563331664
20.931433203334052
22.07918885525299
14.955926859580423
9.646934172401306
21.215852321072056
12.159036043932545
17.60902259465273
20.28346985159891
10.63161122412977
16.865421728940735
9.728549962365253
22.698643463435065
20.416307073443093
21.33592824856364
12.7834938903244
23.144674438621692
16.604071781719565
20.93813307014079
17.72024294565561
22.409562880554333
10.375080745020522
9.79370961330489
17.522111719299456
15.949810885853
22.33043625882202
13.663188380576623
16.742527365122296
14.590124503939197
10.00384111386821
9.353674155604361
23.495570256249508
25.227959282639194
24.75021485185701
13.565325987109416
32.15053223290445
12.79363344219387
14.72217314676559
19.004948230317762
21.568631238457556
24.367990127025536
13.691799000811162
18.337137276845922
34.91013227920644
23.60926731217077
13.660715856661795
25.266561945639843
14.432586310502561
17.94103984445814
30.877246247334046
24.74378030403994
21.329546052136166
21.941797874150495
15.324989237285775
25.449310773616233
15.291017994115526
30.03739547746341
21.921266197155166
15.805769651666543
20.49594804007515
27.672597529374524
15.358016475732484
31.500974325601796
24.522004519663547
13.363640906566461
7.356527600211336
19.18737291598086
13.650837162455195
25.213524117392883
13.600663391841705
28.112137423204146
21.962548705904716
27.550476850868176
17.777039335204403
21.943566176942234
18.59454163475563
19.036598727605877
11.063928295333964
31.72989424969155
12.569500081175455
21.158239025616908
22.41281010768405
17.57237282636249
19.99834225621394
18.014246274374987
16.851848667521885
15.937617377079151
16.55978655412793
16.32773293395185
18.065071280396573
25.374963858196455
7.777800165731133
18.746342770063844
21.460840589678632
18.237251240522212
11.178764163096677
24.78789691926688
22.504052931526424
30.521157395031754
34.59940125261009
16.589507375840697
16.00518722197483
7.101644312019576
14.506385452775719
21.1158747509776
12.2826420882298
26.578836402336385
17.591008891937236
25.92845019021634
26.03849650595969
16.668210020735817
27.42043707605705
19.747719712539375
14.274470641449579
34.477141794473454
26.270221328539588
15.456558437538135
21.534132290543994
27.420687389436864
22.358952519113554
22.554616200006954
9.390849405516935
13.327517655234907
14.041394983563997
25.858863700944916
10.377078137658899
13.324728863862093
34.20192897715263
35.48592625998762
23.404566362800608
10.70818403096605
9.109653716380482
23.859929835309543
34.82556100129353
12.103955495592642
26.5978771869132
29.02463201040341
33.38916951538926
12.262208133909771
34.11072673341191
20.270194269503975
21.8227833036563
11.211001384938776
17.29692318286874
14.573578823060396
33.42912910253793
31.380723728844213
20.81521273202303
17.823916205514557
4.935468082009022
15.714821275664068
24.949598862060892
27.47176961668596
12.883479082406557
26.550303440992163
15.335763689140204
10.541247654097278
24.101695481722853
17.306488565864353
24.383902648061458
21.831976105302573
15.790184533404728
15.437674288795138
17.60633074174778
30.896847805420993
22.321105897560496
26.589844214437647
35.25537568268326
24.308915345952556
21.28806532964559
28.765609513197038
16.083722519023215
30.646569358264337
42.0889104061789
15.8857015578263
21.729130301367675
25.696141974677502
20.43126910491482
22.055333059675544
14.015825633399714
13.267375456893635
30.87053478702308
20.73408186750584
18.712826225229286
16.635758816655795
12.605308473772407
8.099235899090045
17.665316659333456
15.45187680362684
14.74720790872494
29.748660109775734
12.06002154806582
17.386858924235217
11.518473276329514
16.689364615005967
31.639457048540056
23.4096381030146
17.75947986342499
18.59268238129355
19.69191190545175
22.15036853974695
29.98038661698187
17.478566781536074
25.38797736539164
22.517986338945956
12.254115680598929
8.552205658874584
14.916368004740947
19.56130243587882
37.64270868461885
28.13726006346921
16.065674771604833
18.21493386737268
25.675256222274307
20.683350756711604
15.665303804681875
16.205149175783568
23.36589205225937
16.52638155984258
9.479702755651918
13.101985798129057
15.156423718215068
20.122373005066134
30.034343435276202
18.883095669136207
26.554673264856287
14.629268532495988
17.809739574189535
21.88730783225878
29.43737573435556
24.21466913828231
22.549372754940975
11.461047753761465
12.709465156577915
18.93776227573473
10.611793146134719
21.124097714204964
11.382498648793254
11.765241273880038
21.924354709638695
8.926922040363639
22.219554131733798
29.06006457197664
17.74875316889954
25.624548563006755
35.414112464314535
23.882398115279234
22.760002875470327
29.30093541223943
22.46436200113057
19.671900963336643
30.056844468973335
22.508812535526516
23.128306038844276
31.452347391714394
24.197224461936365
13.720024871208969
31.457790481047812
20.319305699672043
35.81009290324669
7.941687717561046
18.75440918270695
15.06890324445056
20.735902036691776
28.401418011356622
21.39485889224655
24.158341315411235
10.881808803760821
17.305458701295255
27.661328900127216
16.223898095877384
18.207254091116603
25.222483237768284
16.720697680591233
16.988242293627827
27.04459505530552
14.821353340540545
25.05331602960645
26.83767971351689
11.422715805702644
33.83275297445486
22.208365503079488
15.298629217751996
26.69828846134622
20.80117310295064
22.964963328020264
13.344439225337366
7.451434794201629
13.007566872908228
12.644967187157157
15.974348548885438
20.36581832834999
26.12294043148661
23.908490212365734
20.60024510519249
28.11835000172108
21.598684610298577
19.017075795824987
5.2480194264142845
12.602453303264342
12.631975232082372
25.442015888718153
23.249806429748023
17.33803962269798
9.32049921870773
16.194833647860786
23.986804987321083
11.056988665484885
13.888277013608446
20.070955544388653
21.286339251694336
23.005439335469237
20.105202319200945
14.741084578060152
31.32663175273783
28.606951214613506
5.712436943637276
30.705514521850336
22.37951797294087
23.637510187577607
11.996899271153026
11.047265949648063
8.510497632962181
21.383034065281567
20.873081652266293
8.373007829518507
6.344451919297039
27.766696125710723
13.626367486671095
9.940388943187292
28.486755580101082
8.346333282985578
22.951734851655242
33.37351475153411
19.417495744369695
35.63974991852965
26.044638040781614
23.695319135818288
24.07265292537562
19.559170822085463
26.955727338552137
19.460246835871413
9.452349066778881
8.549077139204192
15.679174230996416
33.64330527850705
24.69406044508208
18.804090397301795
10.223725943354763
15.508856972919972
20.515069210263974
33.14037876061177
15.525600596549705
9.102285991053474
20.690105016026415
4.202430213921363
10.980175522161119
13.052561940299334
11.972879030716147
16.657113838343115
21.752589135159344
32.45737552142833
7.317075548028667
34.94425561269311
11.083437344674257
17.595643658109058
11.203432666561369
17.332644281118696
28.712566697406924
22.71098490917295
24.17547883757723
35.97446845274476
9.197282052182542
29.195398011065837
15.04000698869609
17.77270024683959
19.072493658046817
7.792212504336209
18.170909873158596
13.47230272491404
21.72370561592664
22.47915787250118
21.99367643629999
29.444851065881927
15.2198324438153
38.561458404372495
19.33694081630745
14.01371211303011
30.122502279404145
23.027716058997743
16.964735333552504
9.606163649121882
24.157578404248472
23.625913913295044
18.73616424138743
16.061145016185346
17.88825440456675
23.60457410338018
24.535482940401515
24.626420812237072
16.383362363628287
20.010893030392232
19.91940535046725
18.125973673141353
20.170999960702506
15.130874443624322
26.320014964714105
24.749622225542065
26.541403001799537
19.361098801304873
32.117433273013965
27.445806494482227
25.464124294244925
27.272652439116484
31.466242032945356
17.099883084946217
28.483524782478536
17.21101471087007
20.962637744241583
26.583669210321045
8.893558828856237
24.80168371001392
29.40057544705473
20.69668886219095
11.01764755789329
11.831279437748613
17.09409190049833
24.843783654720696
9.217980255182985
20.026310304380665
11.241554699925697
7.6781007156230165
6.187688270666275
23.5721148418438
25.276348946482223
26.42992857195275
18.267602977439015
21.420839088818912
28.666058317679497
33.31444192832969
13.913251292260547
20.93922271559953
23.058806064062605
25.605659661391602
25.03069388643053
18.224424834307463
16.68144386066943
26.52588795250135
28.200807612667404
23.774726951047125
21.046373754426703
20.1352713761402
31.7739088666027
11.76467963628345
10.711774360091269
22.324541364264682
27.526939496240715
12.711097509486926
26.950366917840306
23.059970354400427
26.352178087720155
25.541814696704222
28.379532381780457
19.87721700976743
38.939423891408616
15.351911383745948
17.64696606358001
20.556190727663033
9.39436750019993
9.28497255955822
21.856194976973313
23.28671970317203
12.229395464510752
22.77055408333205
28.89874672147904
22.225767693971022
27.221532501191977
23.296840631125658
34.70639456288062
26.850800068151337
24.261568213108983
37.17937770459792
6.011977472638888
28.610975793782956
23.441930861919225
4.99580643525084
21.89369970778052
23.426010261698902
13.72648697892024
31.95439809161843
19.19968550793454
22.019913712061722
19.700172023876316
32.10550845152231
26.146670643730175
6.670487072651218
21.87871911003728
22.371870260091995
11.523429470706175
13.804266375263486
32.35033248875244
36.10114781042361
32.5629184516004
28.11011828029273
7.727600724125244
13.538586442910246
30.521699872199907
32.21845863032801
30.589329156886375
20.864715019448035
17.212975653488094
7.63986856236032
25.228448503671913
29.92999881240634
33.705249193557734
33.58628714539323
17.05445968231653
24.4121891711452
20.584435901302374
12.47328331016046
16.230018303487597
20.54483161070719
29.636618156563404
26.898986645080846
30.86777272923088
23.621559116490353
16.29939865000762
27.120430232792792
23.439015796331663
14.779645513664626
16.00929936676304
24.41726769358929
24.551085620016
18.625241824998024
30.388359967938054
22.434614255172807
22.787653218166177
24.168550273534834
13.803590924765471
17.9282175284859
26.705472060728148
32.524145107271714
8.42969247685172
28.611317595406167
17.080022230287856
25.62689972019743
19.87216611335426
29.584863153678192
30.20038957387154
9.043227431927008
8.466964321894132
33.828174663444244
22.690908253182165
13.089067371219928
9.808505703516179
27.570614608759193
32.02974449405958
12.243993963387373
18.243736142330032
22.188865998262003
14.020089399077355
28.407629455988022
25.31375794272992
23.11672487546937
25.526923087948667
19.41057358893873
31.535758275771173
26.25650480797639
16.738327554426043
27.79743368108036
18.9056997975835
24.64595677072672
24.940250905041168
33.97224833743122
15.339663358256315
15.404942321467038
21.96200254077288
30.84451126788458
33.66083257104994
17.91873290819931
14.807497538721629
28.135880408458924
29.200208037205062
24.14634415507874
16.979011019884084
16.013220581431444
12.215028525885245
28.496382352092976
14.149824859704555
21.36323404122058
20.086409785218073
33.70775357220481
17.517831559902064
11.881434838164289
22.365370957023792
17.34089687323341
7.181368706900284
25.342840515388133
16.70184847967534
13.338804306894472
16.163628360544884
14.713029165995554
28.134594977203573
32.224024990058815
16.209603614599928
15.844224413597134
14.797704266307074
24.09187514135265
23.700695421285182
17.7634631403529
11.037995102853975
9.542264469891219
10.275904910539202
25.036174337193312
25.59396328974058
12.637397034844673
23.00215235128213
15.58682465146104
21.51207883109406
20.71451687475801
16.772692010555264
4.351266606025964
19.459908113823932
15.161348931879875
10.988284394465708
12.926540506661835
20.017585653131142
23.069728671631946
24.45734439164084
8.840759141855697
20.984429386599498
7.981022617407687
20.303260725006936
33.02914000954277
13.744823506945682
4.854355593363854
23.806604147873536
9.893798181104058
10.056100456665856
15.053867206933527
34.95532384017512
23.96505606313244
12.79531599911152
19.876392740770864
17.445438183951527
14.834227126188143
24.697282706603787
10.454789616250517
28.14451177488994
16.340459784808576
27.081960486536115
32.783707930469
29.230412753688814
17.322017825523986
14.177247413327182
20.74054663075696
19.85087929103804
21.114772687905386
16.757111000877973
18.25858742143085
23.57953873231938
14.204812117289432
33.76142466652422
14.436065485267157
16.180475033490552
17.05096469603258
28.611497749698714
25.86866657588061
22.889031102385616
26.480248059719496
19.001233001802614
19.032710542315865
16.673261495943247
16.314423330594494
25.322972165267842
16.339197644923754
20.148674878565085
23.539483980618257
15.647455510999832
28.11983107867634
24.659164636075378
21.214379013145336
19.622852802203095
27.49808296166256
20.701267931829644
30.46961860120014
12.792297980752355
20.84827277262715
36.0338567595388
27.257696136901348
23.478494208852574
12.377044057888732
12.512006303109873
16.86911006355
17.570306381971573
28.597777831957377
18.32159106412562
16.742715503205943
20.880979706634907
21.63343316068291
26.87824718360904
28.104843771200223
12.285195881353408
17.34248297747699
16.01639394520158
16.225027696102988
39.973564632908214
5.863924890754866
17.638654338489385
22.785184320266485
29.277477433358797
27.634881715267372
14.972165083395161
13.367974602078185
22.385891876001164
8.113842846709645
17.196224938775224
12.227223723163576
23.66652122900111
38.65243362305631
25.62476880227482
18.87169096663114
9.140864294641219
9.300006009146223
23.162060956197124
17.33233160411738
16.698830766792938
24.94544480071269
19.50182954232512
18.555625074331086
33.90265039724712
23.456820866574684
14.331568079827765
24.322714192043794
19.764355028886495
7.894622368722801
26.335980461001746
6.489684531027847
10.033785324399483
19.807269110122288
24.813041115449334
38.51832882417459
21.25788552346219
22.513933449197022
26.435185359407605
6.192627776209809
18.705604537151984
21.91878529334954
29.910312694943205
18.121270363738663
14.393120969248361
20.273746539906277
26.582311421933127
26.60383097833315
17.303367419232487
27.94330179946791
24.653564428666265
17.33528908393132
22.234929365215578
16.3059436469739
12.031621783252712
13.029977567412033
23.480303391500012
25.287530176703953
34.071697120800046
24.633651510920348
21.511820576140835
27.38257505088803
13.980804183453493
23.66948188223894
5.020258603410183
33.641241479952555
23.643200919376106
22.130295582937485
22.878336226174607
42.170192689462894
26.85529468912184
23.603859272001724
24.842945158207204
18.770760795303644
28.34578746147121
26.339096576283076
17.225977248733223
17.697485935179838
17.299199966545093
20.767896363250653
27.419713855630352
22.152811202583734
17.131876989122972
18.962080855454055
36.65087026093444
23.104949342849558
10.448348875323058
11.428018943103362
27.550986953740317
35.02461389319658
30.285753527433485
31.96630623399187
26.71628220404291
13.700721074321164
9.317903054161286
22.506756673859975
19.48193044784419
25.459969264134816
19.034623192804194
27.46798526517939
26.6750485799759
39.341061167301284
21.053087220339805
21.735835516703084
12.870874210521285
23.583177908486437
34.62073991497818
22.423629560557895
27.257062185335773
21.10367945085704
28.463960121438113
16.939218945046324
18.059953304070017
10.215873513643105
21.61242445378285
23.006070354224303
18.24750285979363
17.839521492189675
16.844453883536094
28.160843121944946
10.678376799132208
7.515285881965365
14.013301413315105
14.95330288100148
16.04944437251328
15.50673322247365
24.502186293762048
12.898552864245987
12.219510281340883
21.92203961391104
9.136236600071712
30.171304656988976
19.71251451783424
13.95459839436101
27.73654883393143
25.502030426376454
9.585455444410572
17.32367875378444
25.457323221533542
15.468483550945225
9.828136654563835
14.329668538826459
30.582434030328585
16.75941757368113
14.593393556860166
14.482300535252081
17.37189215598962
37.68162435000416
27.623904656050943
26.909228863099695
14.440714932899876
16.347046799564545
31.520250952752214
37.24655313233297
17.893766242381783
20.624438385590324
28.46143561925587
15.073378628539277
20.857086385079494
16.772521620080113
9.89675362963534
35.76216391425345
21.69133384178797
13.530132369523065
11.706972649291759
15.854589665697887
16.88669483829795
28.023265985198933
33.72052394877344
23.928945597134497
13.378690830819387
23.113431014610057
6.019744009632718
21.34151467373778
26.563043438788494
30.851001682106535
11.622122222595312
13.807166712050925
14.344638400513682
27.674388470769358
23.73018041749875
16.465130314161357
27.730120961763838
20.09990187802003
24.330015536149496
14.265064484934479
4.9019899171753725
22.83902796620183
10.529936526969685
23.753487854555253
30.586062992602155
26.110073611625808
9.844772814174464
28.420189457587114
34.122312746514524
16.404140081068824
15.890652042509451
11.970256627151576
21.70172413419925
27.805610083425098
32.845164698696315
30.26132131267476
28.18965554955972
21.735611282916203
17.187739582578445
25.615394690120784
22.946832919829777
23.089882639458928
18.405620132153512
18.421168668990934
21.45167880852901
12.144444059722904
28.181614519234703
18.79538787181946
41.14397886402154
13.93273881962721
32.234087664035556
21.014306882274276
18.357557619846006
18.25007560583515
