17.26615935186556
4.722469019977469
25.072591536316928
16.561656646244398
27.348532753154817
12.617693260610931
19.651552318208164
26.244085712651202
16.44056519425966
24.821467764139328
7.104755298202124
25.206722000658594
13.24205270974228
17.385132860879036
21.50844473761111
22.942716919748094
11.85151454252765
35.72593139356861
22.72933873441606
20.03597599541263
9.894654574268932
30.04114100330144
19.0167522078663
25.126338599649955
15.958625860177289
19.245450313757704
12.284410193960365
15.228665856120443
19.835532051744355
34.53394884346629
18.107784988203722
14.461651554869933
14.752791698041355
21.504405486246565
22.99383203310161
16.124707914385866
12.379179228970742
20.573144389778538
5.017426120853546
31.184750561856738
17.547251519825508
21.9253226969181
20.33697149502472
8.152900075911283
22.69383986074159
14.00532799164191
12.349060323159684
18.9264700233081
28.960163171585112
15.563874769908871
18.144703423898033
29.66443851017681
23.641546280486715
29.679358787561974
20.738159197757707
28.919500390318387
26.64400463268845
19.16605440386317
35.281990009411295
10.706460269899347
21.577762973706097
14.790005895875524
18.187406806822505
23.136559073669552
23.556863547689282
18.131250011759704
10.68252586230727
11.194237913315133
36.137865788718024
7.258797720842313
16.659371709477266
22.578708327185794
15.89450900339729
28.420741017252848
38.192674147916776
17.027821157531253
20.71213393679996
19.36469722481263
21.78874802114008
23.959293841700035
18.777887547008785
22.58294215645565
7.393215263446829
13.832106542435803
26.620615655924087
24.809010892220826
14.768359375459053
28.765410423440233
32.44984104090402
22.098687826846344
25.372596473452493
11.417850543527276
19.01615155695521
30.23090820308813
12.260385814370542
30.772655676822737
19.530161163832325
29.51964886662156
39.511265012270925
22.434756662663315
16.373361586238225
4.613189404695593
36.342092540482575
28.83631082374821
12.798075626350036
35.03815462846318
13.700957011690896
19.669276408795525
12.123166596166934
24.25212303045812
15.099930776595508
19.273624022908177
20.16530635752541
14.546430684493917
20.525035263745437
33.70852000575053
28.212913035449514
23.682690056584786
18.26145131937805
33.04163040543904
11.684260280201006
21.472199562225637
25.060971264616338
27.105064530285365
34.70877272720645
22.376286432823566
34.02533060787679
35.88219300545595
18.48770832226114
13.757429058559023
19.31994866213978
22.29330990705787
31.900268446955913
17.20870416439871
35.32501235398992
26.657263893673584
8.93187324400813
10.768642469559541
15.87014355368175
32.01109473422569
17.930541291874402
19.016925312838172
5.46113950231677
27.09647425846052
7.260485058686045
15.102342665696204
10.957388394190252
20.789544615113712
17.623041333076774
14.320483012992621
20.68880209367778
30.52637236353915
24.639397062297427
21.266472337447485
16.60665812679323
17.887968889364537
16.724745935433052
23.186524747139316
37.214891211533214
20.216853569186103
25.67812587961537
17.28209365958239
31.968503486519843
19.78609608480984
33.079154852291474
6.68229340173044
17.228339319176467
37.11716547177659
18.402560010548353
20.69411046937533
32.48791129070016
23.39385478295733
12.235578983801696
22.59033307675912
23.64314894547869
7.705862189471718
19.46694389686407
23.1805990372091
28.890468619590703
27.36318877140805
19.64999298935252
24.966119405974982
31.697904221451658
13.585125799483443
8.766146818548032
11.362603022386569
19.48388284659458
19.991950477409212
19.25304157804747
18.423887729108024
29.78940158666389
31.390873201449896
16.69822596969332
13.098672241483682
31.92298564169716
24.15874377405115
15.29236041738413
28.717489059075238
23.035366586033085
16.823746310304347
32.82336117079078
27.122058475830336
25.97500628057969
19.99482275042405
17.15759700824871
14.625223773341649
14.920539110836671
21.916029978810723
22.5283295195648
10.58099138525393
16.153926877800135
26.187373812586504
22.70307684633136
22.23706460558584
22.903284338964387
16.187107632387065
41.41624490544388
23.60793516290156
12.339658911899907
13.906313105858514
10.13706423807459
9.904696908792134
19.16612277872336
14.932105014984893
21.92160380625643
23.924204162481356
12.69479499929825
16.574220489327924
14.762655351303582
12.58496050914394
9.01025005472982
28.18786769345261
17.861729920920347
14.085532073721085
16.318239516781166
32.7824280697221
14.97836329907988
15.145551309560794
20.940518164445496
25.493963267668274
18.764621399978054
14.259857990774632
25.042339803195297
27.21680790836779
18.699453809639813
19.2719310129105
15.425591574493428
28.0118869715801
20.992528267602246
9.535261513803524
27.040022997071905
18.75480340205964
8.835558043708263
22.015122497228464
23.044588659200564
19.072721363043332
25.271624080544903
26.17834139248443
33.01247533098749
7.609026166850565
27.584187921158215
14.071198051106128
28.391163059927745
13.427684493369414
25.55272302011475
19.64081006213543
24.96349499566593
35.759994975370695
40.23193575574232
18.31617779918832
10.493537141442383
33.19241332487027
10.362261763349007
12.17946501152959
28.73979582917387
28.66223847181258
12.106795932177123
30.37439934007713
12.482231759430103
34.46006399125167
33.33592819460588
16.55734831354855
17.523169544966613
24.865254326990954
23.324261862817547
20.165922948053254
38.08793790286243
29.24006797550197
20.513871445273825
8.206576828927322
34.869000250063465
31.183077193316105
14.400039527620311
33.235202934132886
16.59018374788268
24.78823705150498
28.11104432954466
30.835608639875414
9.352859613808526
13.360394257884673
28.68420467327211
28.67939773757549
22.87965386738342
20.389872451470342
6.777403028283339
25.278645028056832
12.406892961300803
19.518657813357677
28.86539137227701
10.871971184355335
16.587792506513182
11.748991798255124
14.428447630466009
24.898424887546227
8.977733043400594
21.670168027251407
14.135569032360443
13.791330163089638
10.918160067219427
26.23372925104853
27.47754908082815
10.095154716132166
27.58770583172349
29.706989776874515
20.35526802356194
23.770668327417635
20.469722517000687
4.718326398972324
14.995250679168734
21.64982223387277
22.99857330007961
20.13338958411186
9.9792512334097
28.734631821925557
12.346566988486291
10.872106005449647
20.398980471479707
16.422090424011245
24.52852119785878
13.419355011312007
28.80811883357139
27.346864400303478
17.225560080410645
18.752292825784856
24.60182530039263
19.144238486884994
30.472379402834274
33.55492385023463
21.542950192420452
28.6970025063688
19.310252702006043
16.70768749179916
17.589318519907664
15.611094279298007
8.152491738173001
34.234104464377545
19.553038856085536
13.095079543955714
19.081980537347235
18.75039849366286
15.337359444723832
21.613135337642415
20.80774839001297
12.544460657469216
19.10731542132814
28.36304902997085
27.44437623712983
23.45211900424133
14.392105835841472
29.387838647798556
14.680393820239798
15.657733855882206
18.673119777299746
30.54514470869672
29.26424348686387
26.267928406754173
5.062751694789152
11.080183185402891
30.07738168509588
11.662866374205697
20.523571407656327
33.460660628478905
23.72580801330222
21.4449709530613
7.372302477459081
18.037171314318538
21.381851938091057
31.230140600639682
11.427740741038804
13.162420154446393
31.12408891773523
16.36539760071444
4.648168904677628
25.545353017248217
31.02395352869064
23.284371845392474
27.489176261211053
11.394084050238007
6.733942663636893
10.082588166407108
41.46879410594154
18.200770643415932
13.558069641625126
25.29238432912624
20.471628669823478
17.853147870723006
20.468847352449977
17.280018140213127
17.013435505618528
11.264770273861634
30.749281005582095
22.309076467927323
14.398429369441088
22.699659044576645
19.189690679670576
28.834656896010046
13.112033788317005
23.997866957337656
17.478711374501493
29.75001978556219
25.815375602303686
3.658569592263218
22.03335368163735
25.067103663355823
26.001591223645157
15.132713319439015
22.372476101276888
24.190691045433205
20.473102616491925
17.969979319232863
19.822516056433933
29.55880704439909
15.997060138315746
20.340008091432686
26.687230299413613
28.759740571214756
20.752239297625067
10.819192398404164
13.524884265793226
27.345996586079725
26.33104325986455
21.44159985941003
11.616808793611783
16.74325954356962
35.30512474507097
29.986908688248068
12.587171012316164
27.06301111341052
20.542528573101393
27.816879466871907
13.344271101629792
22.324384144453866
11.097455169148278
5.241279993332308
26.152292367074356
18.588762906871263
30.968281800522526
20.743630037493812
17.154893004431063
14.09428710453361
24.760627564208797
35.569964912183345
18.83154357145834
16.208884006283444
19.255287279686286
23.9971752529169
23.475583846560298
18.25885130126027
23.079378819350893
12.07771205366055
21.204511289698853
9.053016312022194
26.422527696607393
21.231583262739406
27.697387899442322
10.304091099283145
31.0086699758008
18.49671792987653
20.491898833757247
25.39375739237936
18.381069036294164
22.498178328009086
7.947376564364112
19.81767913872263
14.998298788942776
19.839755782108746
12.031566660179553
21.76000319601062
20.502786586036727
26.815294806486392
15.121235436439644
21.985515341621046
27.474651812200268
22.549209826494145
12.573745569385917
28.182619212865678
38.75045574863889
24.514666758970357
12.345846233947285
27.787493999970238
32.912950542800495
12.811039331459755
13.415352741236983
29.102508357034342
30.033230756261027
21.181617536042104
34.96275725880043
37.827455602691124
23.968158960516767
19.451510343403562
9.527674103355753
26.665896893696942
25.754047638490967
16.29952250707628
26.972235100043445
9.385091655121803
15.625122895848945
28.938506693137935
23.00984347881125
14.244709657447064
22.1434204440059
26.817860117039046
24.44810095619838
38.838228758128714
14.960777113798482
24.38400753351218
18.859171939276777
26.22902675033452
28.11162401839039
21.170945937956745
22.078800699720635
23.761065975170503
12.137278848417319
15.42026799544147
26.201480882186726
21.87337763703573
9.69518897045277
21.66594344007446
14.043270610129527
31.996580558169878
12.612700933106844
30.770490833842025
23.351182723957105
9.486302869104778
15.56733842093059
17.393702879421685
17.8014146173306
13.083954941653202
21.192124637228993
14.333943572937262
24.65201280871691
21.62328152311655
21.79730213229387
18.989965006146765
25.870570072625682
16.184651638598712
25.006371115387903
20.709573293666864
34.90721801479061
19.16602093426075
13.140703811430615
32.74943450500522
28.440564984495186
7.189551434783354
40.02464411324557
42.92124520098947
20.600248636077747
21.8036494471444
18.510338047513176
12.911740891007613
6.022765629668277
6.734127443596281
5.4985108209512275
18.750635927340713
4.342754711932336
26.479280029682098
26.055013486120174
33.53447773021565
21.49285527210676
4.378841591278968
18.494110575320125
12.704138683628031
25.139045427207137
20.509455354415998
7.037070580286755
18.619558690105578
28.862986139443223
17.74954517363435
32.9801733096752
19.96419208987823
7.377685154091643
26.90819448749894
24.672648974319053
22.23560436060291
19.724294854253355
11.337210318076789
37.08677552520771
23.87338650835032
20.06358040905099
26.303603774414505
16.951655688672513
16.13910781668383
16.89458600535126
22.54133261613399
22.632559718446327
24.52196643906735
14.57852735495574
26.249249128855055
29.656265178348203
31.53271377971849
32.05182555126003
20.000747359987148
20.524844334803614
30.044753070034808
24.814069411750864
24.423787709623177
17.42320493945566
24.802854535629887
9.681502990343088
23.773285696417464
20.61553702578967
17.911694018605363
13.010301809318692
10.067581533348505
16.69975517236179
24.792130546681012
19.654055330218174
22.5762311483281
24.025006737426246
13.215938816278511
21.500310972408272
12.232606175108089
22.353042510410273
11.32075215964124
25.17822295073141
21.34256839083631
24.15475764663734
26.82984413329546
19.993367099356465
15.106687013355474
29.825146373676166
7.6278162053057414
17.239335153192567
19.455682087668084
36.217105520152494
22.1183960463755
17.829806176961196
11.39204187335775
13.17245555369779
18.313996142272483
9.404716764734177
16.66900374170636
18.457521224592103
17.628359581591674
21.970270522376765
25.930059914554928
21.76695270977939
27.624019985808218
12.623375149895782
33.17943359870468
29.321732851379284
20.5791007497169
17.241680518864253
14.950867389109375
22.409636456327505
10.540409246958518
26.10021913353951
11.701730513191908
22.179099711222715
15.77216547050696
7.897155283072298
26.415897330819025
27.591977094133515
20.241709066013374
23.31944263548515
28.29828590873824
7.961713370009982
25.57400391804519
20.16695222244551
11.299115122559312
17.24701638540695
14.045438357182357
14.589217612005632
18.545053421528863
40.069556935675564
29.013992674845802
16.585240077889665
14.67155846895536
24.145740335543547
25.464156864413354
8.621017372960736
27.513385345885727
29.638649253326026
12.892863019734156
13.650497078110028
20.679811338117954
20.735550918362403
31.995131684581427
12.625703793665386
34.8987342157852
16.535846555558333
14.668932053929034
24.383462057578665
12.491926709363879
10.775666674372747
20.695475807423467
23.35884066620073
17.472285523854808
17.222027128707772
7.930553421258716
21.04594647337019
22.214262373254197
9.438103615943843
20.9625609117997
12.465927290675124
26.762854489050607
15.26174284204609
10.703098009898538
14.954756186542353
24.58514678458531
15.198752575860205
26.907948911248447
25.438440901597975
20.666577066382775
12.779709859971186
23.36222098750646
29.19029209658363
29.203230789421873
23.056079748488038
31.599514819624464
26.29216265050205
12.556968625727535
21.1224779190724
17.638774309796858
13.78633567071723
12.776748660961015
35.088731384374334
17.805058858195178
23.450442198594715
18.996355356294742
23.791669220948986
21.456900996593017
9.093875502490699
16.875931280310148
28.04759259423997
12.483100254081043
18.074944530804927
17.357313487037285
19.237350110525025
13.797887125180633
24.507365803464992
31.172983639323682
24.884812025250266
26.431590724018236
20.91726886663439
23.168627054585023
25.022608474927907
13.427931955392973
26.996478307032053
20.659002640275993
18.00333777436939
36.29650893749268
27.506114722814356
22.826146521638577
18.978617422408878
33.423941387964696
18.460548396978936
20.22133106881072
29.09969915771202
17.86454663439188
12.353073256418808
36.760090726903925
10.877183134457658
8.386548583541195
11.522376024847274
14.022117739715954
35.1986615229308
14.512389505967246
22.740808108880692
24.004131027287734
8.968979803377964
25.88189666053408
25.197483048379908
20.448256093705602
18.82699300940177
21.53178583035344
25.231831140001635
18.03876461712354
32.26399672693902
26.862518977729156
21.26955059266482
11.150680874721482
23.43404548072445
28.050817902777247
5.7686501584081125
10.086006984208586
4.321844724004542
22.82604611327493
25.33668453626593
24.77773070989149
25.026879788254334
18.244107073508435
9.569563084626026
29.418107380189085
12.85891130169863
9.81388804634925
26.08448142628
6.095857593818834
23.169263343319397
20.311849852747308
22.73397159591463
17.742315962461877
25.16098245830204
15.138859780660367
25.195050936576795
18.16366646154507
27.71058252301281
18.301912748620886
22.82055963697224
24.946171105647316
24.719650194985018
14.492674581046538
16.34788316640382
12.98514861106786
41.578059628171
31.356910795570077
22.974747241465927
19.308479860943212
8.098720007837453
15.560964095110984
20.56742056952725
24.675056867715774
29.909123759909797
20.954267392371964
19.949900414832758
26.83632398944112
14.114801311500221
34.09852848995404
12.963924528556973
31.36177859838763
14.004339560533504
23.36332362190206
20.938537710068612
32.61520804459418
30.872852111846665
7.792426197488051
15.282988402026945
11.962087753428365
11.490101473012945
20.27282342831092
17.044847337216467
17.82791526070286
5.1614571308206765
26.1377675918846
7.903344927893928
6.605587378160991
16.795254977056754
27.68258376377505
22.08482865976939
18.4258237183039
20.90342365243172
19.64819105760976
30.984943205198583
10.459841128756732
33.29622664744961
9.43275803000645
12.606145939302408
12.317626237986348
19.168776680929735
23.36477998316842
16.120729574351753
20.75822053098975
23.396235142162325
23.939521603613223
29.34164429783951
28.47264779796107
22.95904540504815
20.990293229659976
21.667274301369595
19.291794719091012
19.313255531296036
28.578782197806227
16.350118761472228
15.556164271318377
35.96233982702291
17.074624295300406
10.140354911048425
21.11161035520779
8.280533603874506
16.834113858251683
12.019818405836254
21.426410523599362
28.45342038850526
18.663952581260002
16.134921481650323
11.428190175188107
21.394093651512495
16.58895153367383
24.827000996695094
9.35447422608289
27.26376039527177
32.45231816354597
18.70201570906509
10.530616182598974
29.210620568253596
28.635149746136573
23.48941298588315
14.406805224983595
28.312743935446434
22.01277079150579
22.28097272974203
17.882693086586976
23.788831904114527
28.305619930064132
20.64708069713733
12.744265917555747
22.34468805571588
27.883171106410515
29.071102647564935
32.04355913346781
25.164053495789577
21.71937850595462
22.574767059641438
12.723706255645444
28.213952396294143
19.724241339858136
21.970924097585886
9.537474413043382
8.683291133897932
21.052496066456968
15.911235133519133
21.554018570417604
17.543970213730915
13.890872285972026
3.6941927902056997
41.82774405051216
18.668342464923843
20.07978930208311
13.41802553746171
10.576464625718897
19.903268459177397
13.76660354579931
19.588814104919237
31.2255815950555
12.6503155600362
21.99019457177067
15.301089064246923
7.7891376200963105
19.677935389926745
15.312159569350131
5.442238939568802
21.46042796984068
18.05410227846295
6.4557305601650254
10.099644827509755
17.64850838686246
19.821013786975893
32.011661838118336
35.781210385465734
17.353122699521847
31.052356560939025
34.23668839685046
17.539439592050822
26.854359875234
27.81147983079251
30.339366496293163
10.727651895303316
35.80417666424862
19.559513544430846
33.71123149834996
7.173092347677735
20.686903569009996
11.566421597647372
19.651756930411736
16.246742310692802
14.811299264381802
33.31542123689033
33.35546778070336
11.937258913661118
23.28587933857343
25.47780575098835
32.162539245889185
29.958710465428002
7.8853464291393145
22.95777940122866
20.42306259075503
18.336824486670338
14.275624215175053
9.074905353325256
35.092118387846845
36.20746867474123
7.288272221012147
30.759122849912828
32.96715311669963
18.11423993252809
26.875256771941682
21.647199155958386
27.758802145995332
25.486055763885656
26.274714209474475
18.56519211241525
24.93637040676907
8.09899763555616
29.9643448170938
22.933890262699943
27.212899867070295
18.653700372196713
26.010520095266358
20.096445007872635
26.19861864385632
15.263572968556758
20.61676442427079
31.497464428695153
25.134727498167006
21.19604303224457
23.55594144688186
25.800261758542334
25.81876028195027
28.241481657201316
25.322928470877706
12.555449992024725
13.026379882577276
25.434623086693424
27.320633150502406
17.556109365676058
19.340665652090152
29.558303421413022
34.32685350595728
37.280178230762765
13.101344953589898
17.428175757371424
25.3240736743761
7.398543701344816
15.613720544405611
25.477937786832555
22.3740848273803
24.492986751949747
14.313251797075315
11.572856235542169
18.713938964965802
17.15150833255281
18.650952966917625
30.723818345594474
30.331799908257537
12.76237731468427
24.248856516425267
14.087621295578138
10.038781465801465
25.106700388310394
25.233318296581274
29.081379174949316
8.79094329531105
16.01491651316982
23.069591566763116
18.29682719465099
14.220778949111512
24.707330409593016
23.986682828751483
17.51601241440265
15.198579964385964
28.59776706023899
14.487412938055474
23.23502380072557
9.001640205321515
21.919222156839542
30.46327365073682
19.764983039495892
13.466797407134612
20.6811129811077
28.570444812484563
11.541592809031217
18.779321419516496
29.345592889988136
30.518272491570787
18.958225241500276
21.52507019120972
28.848220490093468
24.195842332792125
31.730363265041998
13.825208253421433
21.1280453984728
21.393083797878578
7.746729358007349
23.645754498104743
14.150270418247691
20.50508344233049
12.003401370858212
22.641857233532335
21.929235376856894
11.221665331226353
14.322255823742092
12.35159594329553
27.968455914223156
14.322196191721224
4.666299257861166
26.045213866134272
25.748789419789457
32.08235614021973
24.453316846777128
17.677611305047115
21.72291626781432
17.06962236241811
15.897048422373507
28.966445343131756
21.349983339391123
31.05741535374771
18.287954070411278
25.205635995776113
27.837514142879254
10.720906044538333
28.481165064541276
18.14486136993532
16.94199619711251
20.479450789800847
15.388786879390048
41.10556167024146
29.148135739937093
15.967243718369497
9.902362298344148
26.474349319383766
20.27992104155114
12.789177015082327
14.23649565398961
13.672223715832603
22.07306065176332
42.70839894541067
17.59338677394313
37.379415020655756
35.28945509401416
16.38159548127823
13.61739687877567
17.992380764000355
24.16247403635137
12.681112108215736
35.74458823692068
15.897756017751428
14.198468303781128
11.694613593719206
21.919958900035432
15.364809253895384
15.856100310575167
9.794168639753604
21.688224328082388
23.16112717423318
10.134620762651549
14.37836420912803
7.102709617125656
20.45106820844897
23.885629896939093
32.744487700316924
10.163173464686897
11.07446512519139
19.022010654406515
35.182296284183224
18.286060492305424
37.90869081673601
21.22692356033681
21.09632097442791
25.26995820349583
35.28494822275206
17.569276508814283
14.317362764672213
17.190999322849272
17.329373297698652
30.177465262442098
18.003490599386723
10.248130191634374
18.737906610852935
17.477086375481484
34.03365365649254
11.12511726915772
12.839342661719472
17.577811125334975
37.04462461924856
18.554967191095916
29.606311836922355
7.73279708832566
24.753635862269462
22.39529482933152
17.795284981490852
18.58373860152679
22.40014957206022
24.09012525389926
30.690771594533036
12.900036623448402
18.467772502612267
33.90823462729176
20.048979931510384
23.273700118934148
23.418543176654715
22.637915014719237
23.15373583897245
10.0514402973964
17.249460194371583
11.593896828595943
21.748057201889004
23.43441598753039
19.49636461923512
23.729191790820472
21.014572133416266
24.261391660202502
24.074689177079435
10.240997861901747
19.7431918665156
25.307017466187077
17.749088776749744
13.046985992848057
13.148314131751798
24.98396048400438
7.809938667955214
24.086595184753865
16.026638631837482
14.565424223775171
28.102907713982727
32.025477723936135
20.399683325993735
33.13898980813062
27.04491660956167
25.574358171701082
9.96525133267687
19.049129613398147
19.383235216906073
32.60676409898828
16.03022378611912
30.047547803666262
25.416758763464625
22.0985214726356
21.91936249521967
36.31532861202863
23.415588350086306
14.519510320328347
22.668664521478593
26.663709618729598
40.471037871080604
21.86799919194049
16.477232830040965
9.484379458092823
25.080787712710503
17.55418579849667
16.50590603315639
21.6381424937714
13.042093540273603
11.603493893285185
12.648742977710006
29.68274802270305
31.04701029483104
34.276354596065346
17.772577751718472
12.013084195556353
19.412922054063472
26.199481528498644
18.102124018631628
8.17204385833871
21.195215233096324
8.267578118984796
16.065318491069426
29.828925154291138
26.149734857413215
15.661069027186764
30.391460364118277
29.608617798907737
16.579586959121922
8.192601219598485
15.203539870280329
28.29204068928161
32.530587277444084
19.764401775769162
32.29209906835487
20.81197299381802
7.884353820001786
24.690088101594142
12.784487168390463
17.754043061319056
7.788587463029255
6.392842547120021
18.392225498446138
5.185409176716676
13.640440148214928
17.89565484886356
15.682485235399037
11.326922065692846
13.819581474821128
19.300498423606722
21.323601776511016
30.569117297542686
31.74046610467601
25.34270455132234
11.820453533984134
36.49647782304935
20.618543058550422
28.336201179522075
12.107669388660513
32.792494505677006
32.59963165739627
25.16876961887863
31.15366450229494
33.59657364571322
19.362689704996463
30.811567504069355
5.6191535191731194
14.60634222249138
21.17586969546205
17.893874935791242
17.057088798069604
19.615261668279764
28.83481079790441
14.212806066222305
16.149187221590534
31.792243273917574
22.650512007712635
16.472235466454354
10.424950920885696
6.470309254014582
17.677170491493936
22.122740950713577
18.606365923824427
28.184344304114447
17.10301223087233
9.275582014148652
22.039477298855637
20.95890359686011
12.050897339063614
20.498882703163012
23.47741048026038
9.780053457134622
19.39158241788191
24.380662824146643
19.134703053387238
17.16885477448279
17.106530727207996
17.64438528809587
25.62697933475469
21.34402565863601
29.10986889618406
29.009068571783867
25.01918531429701
23.121232244848652
33.0434714418883
27.96465195879283
12.52081140176703
26.52172157649688
21.898153758555456
13.56168444447035
24.40723958600387
26.41315900288912
36.24691243307207
15.355631677864947
13.95942127863207
21.206835914268687
13.24538827457383
12.467764736939953
21.767915135525232
19.507111678131423
21.239167550353603
33.33378253370846
29.53892878198593
13.05260750082415
28.688617059743365
21.496876902301416
28.604776586523123
12.258808919445269
18.525600429322434
26.773738872222772
11.475743180257922
10.752755301638507
6.356748436891973
31.486899355969708
29.40801448680514
19.772961764929924
29.60126420361927
11.581788185515833
14.218251130673494
16.590666216513547
24.109548780676825
20.111576338498306
29.963628081473704
16.207047504912225
23.123362132368705
21.720281749509315
34.505825986523945
16.674649732995274
13.966747189686044
16.27701434711978
8.030485120782094
20.95025977246401
21.997258703029274
27.834136908208563
31.617143421257527
13.517467258638474
19.3981158750012
31.726991046278222
13.063139217843041
13.19606617331788
26.877889120577564
6.259977797389132
8.822754650267282
15.049035545226987
16.722033733224105
9.723432092900481
29.28906235736611
11.261947121124253
14.971257430421275
18.660078954443062
14.8503072089302
23.115651590044422
20.1146372017771
16.281305362700763
19.62213580487858
25.373356295525365
18.46078470367358
28.619801615399208
28.351508631383435
12.276965358922299
18.813587404280607
16.663485229797786
24.93423215236466
34.27630468360393
26.713994753572255
20.179100978889508
32.93858093555048
17.40558152108698
15.427669450868157
10.918774367287607
16.583956862297384
12.413785617323638
28.196274893550065
5.611211273947908
21.67411401304757
19.45198509453425
37.11360228932929
14.83844345790201
35.34972800259305
22.171257530259965
15.63230224077037
17.279018075644572
19.1368805089291
14.265226148382723
23.979982944935355
6.340748999190099
18.49515819956607
17.52261705453094
20.31907336710978
17.29559924724839
17.33253713014172
20.2770463530426
28.433158422047075
15.588167994479265
16.761421949964706
14.425223783680787
14.460724540229613
20.695051274764655
18.117003464018925
26.80573715164138
21.8077490411973
31.625392835111132
24.83288256058857
12.531067452181116
35.966057418459656
25.896198047909593
15.325993404730195
27.353947588568026
21.80133995093197
25.53684669338765
12.730433802291518
29.39870801719279
15.580479580457322
13.203809112997497
24.85714142877799
25.280293637597495
30.666311254319915
7.683139959068851
24.143654329850968
19.138069661858896
17.357122777129252
8.731455912463996
24.756605569457527
24.518160617378644
10.781533640101783
14.273441168824508
16.23371041305662
19.73202578032559
22.754840553936756
23.90257020339261
16.91174059494343
22.007412849062593
27.812062157376285
8.241684672276302
15.116414705085587
20.780969420473177
23.37209645633454
24.01083025658001
17.758863306371335
15.46291376779372
16.181868969313836
25.513735770204942
14.89799679020077
16.697389488200514
21.240259669991755
24.563216474454606
25.22746608538226
