13.68051148358102
20.290074798885925
18.808807408532665
24.224430768459406
16.979932653939585
11.21148358114376
18.543350506838753
18.6996406365127
16.32543280534102
21.390634450990095
28.48418727032591
23.383294480441787
35.19031390700544
20.264418749490883
7.300737036941885
17.304441001745783
28.172927983336823
26.43733766706622
20.856427215350408
19.968432146830406
19.443438156674617
12.491848525139721
23.21227986224279
14.626854733456755
22.965440053370134
16.25977678336154
32.0929701070102
22.619676500282328
20.062979412707122
27.12440642681964
18.209630056978934
30.892804737191295
6.325273920829636
28.493318975539655
20.953508422221752
30.276497095938947
19.88178833999124
10.80105522296382
11.555979102226472
20.152177960870002
31.023631643242418
21.61197955868778
18.30493032311413
25.10392349946529
25.608917906143493
17.740039088024385
31.8833080039275
19.10164129650253
21.34557332592649
16.138594786932455
18.459937855703153
17.826995899030553
14.020329888329965
29.337972122230422
7.778878616952245
28.764384852238024
8.085691496803424
12.62373261161636
26.867237354009855
34.08665352450412
13.64663525276533
18.608905843214426
13.225653226817856
22.849175781510844
27.936988485212748
15.874825771954974
15.852655099427125
11.772102732200402
14.508573202054745
24.70313255751549
10.92135820227875
17.997834040333544
18.97753184258276
24.94936450630573
17.97607543867006
29.728883611677826
30.147860960337194
28.30382029291875
16.979812379396986
19.70136478217854
20.035726174720875
18.144532793142695
6.464141416006865
5.308636120608793
7.461248273866939
18.836145615385416
21.109010008197274
18.898928134205843
23.144500067863152
23.629684390780298
24.8590122982475
9.14072075268437
20.58766081020091
27.399693738094932
23.08542198005588
4.041127771337727
13.63329212991952
21.91007420643988
18.403641661111134
16.95594263707417
13.531232685534343
20.335404643566974
34.11624508412444
17.6717041675267
25.559538223357922
16.052554732597297
13.273511028680014
21.808260393335864
24.48023660001715
32.100959412425155
23.97531671379701
18.377481745749083
11.12793263127811
27.994285587523645
9.31697455969771
15.802028906076965
22.133023938992228
30.8574807503157
7.810597379430101
39.291151420244724
19.743143144895285
25.480773051435722
16.95779278073243
10.695901776942605
11.203674355040604
15.031904964696995
31.27706517321673
14.253363205751088
15.951460856762873
20.5977679009473
14.854906770907442
23.4110509523302
20.92501007050945
11.518878775480786
11.859036080815052
17.19428299925816
27.091346670468976
26.855910165907634
14.712199269021195
15.233868262320758
16.426769434555162
28.126466195349547
22.731548328995366
24.132423836301385
28.314839667120662
20.398517341048564
11.904073581411007
13.768174303775709
34.37841364037098
21.527608492511057
15.44503138410948
8.192111389507366
6.041394994628941
4.661341531913333
33.95583028599402
21.159528287975697
17.645374162483467
17.529369650714372
20.9491818317858
17.25804327794142
20.317205900042755
40.54340595630843
20.560470181708332
39.78991429237359
34.87824640248678
12.066370418899412
16.627805263326113
26.391581335221
34.40859883895967
29.96774537057131
6.4994740654777585
20.090681077851983
5.4425647922362135
29.202073925199834
4.067735476910743
10.85181705691955
25.617126558215947
27.504745880720254
25.331079329992804
13.35977005279271
32.055522610248005
20.276700308174036
5.502998047717855
27.01615114908994
31.244301981117797
19.36820355001699
16.330516150189965
24.67058996872592
17.252015590566067
32.64588203843223
19.733207435671734
20.193961863834286
10.290077418397841
30.05765268288256
20.105019869815354
30.610317969609465
39.26783799701432
12.6392341014744
23.056449443268903
20.82647838352813
21.460539571975733
31.581162612150923
16.550206534956498
11.073578713429956
23.09443834504655
19.065226799515976
12.3075415494975
11.033031349487846
14.29125096397219
12.447449973351747
31.935077001391388
17.144042738687038
14.903813497995804
15.535282309875496
17.901030102427224
21.702539494564032
16.403922064856836
12.711093851959369
20.016566221832395
19.116363778905882
12.09867242522264
16.308204153367676
22.4232661732657
19.03859493067062
7.553081626179589
33.13153125564143
20.950024035458274
16.67273563004256
7.893199880227803
21.305288691327846
20.71750756728409
12.960112706078947
14.107659386135637
25.454833419006693
26.859106296168296
25.134911866649258
23.31762508568619
24.518875231229522
7.298086230593298
25.056230992633253
34.28445838007275
17.34554518966421
28.26253630047039
28.359098074099922
25.67808420606529
12.801493248991065
23.172393653222272
12.355435465047705
15.143824276231225
18.068845093066873
15.967546539922687
19.595945932750592
21.444381535986015
10.68192164867967
14.83731017791599
15.895859894627677
27.430564233510452
17.00347458487046
3.6612849808026775
34.06719247573579
12.574124961774077
16.642277451440155
25.2268199086527
14.86727224142892
11.547408860662284
27.716995330953235
15.732185613636208
19.386952483517266
21.79775941432214
11.536457330864263
13.302034485268612
18.816808723072796
14.967291480188111
13.950746491834149
23.703085193873218
9.319712384220178
24.368865391659547
28.044712228841327
17.29490967800554
25.936852141632922
14.84507550753124
8.33431378545881
11.744025333234669
17.993352800597837
11.505172307117956
8.714518661582703
19.041803322529088
29.177363179855142
27.359682784195883
18.710373278133318
19.53139236785291
9.583510321593938
24.467750902431327
12.493022519219764
28.50751231413219
35.043434326752
4.124456393888152
15.71420790648164
14.138510349057293
20.795666335563382
17.757558148078214
33.520793281452455
19.735466742747015
26.27152666868092
21.324318165807238
9.578015610791379
23.58993912383197
21.655825126723638
27.695153143946335
29.149816626765627
21.785050140116077
15.74598704175241
20.585867587176693
16.4947005063398
26.659996528852528
10.422604893782704
15.56339393488271
15.140201534937642
19.50501018613344
17.653562423697146
27.1651924340088
19.1871305274977
5.214450053054086
26.953152609119247
18.654932705198874
15.873025932490497
7.141806450256619
20.37900467448301
23.915234973843397
15.922033095337156
19.692880772008774
29.102696307116513
11.481629288506184
35.28540613975582
30.94609675788147
28.3780466532425
33.8180170603514
20.757550925792497
28.028376324490154
20.04661448740511
10.223789654989933
33.18603056193853
31.768695528485697
27.085865623499245
26.916948104102822
26.1314956352238
13.490270713616592
24.293011199306818
13.724127955435861
13.53804362015256
21.782923083286036
24.20945551233224
10.758877001615256
18.289501658674116
16.882392317553713
18.5561642805931
14.689181587869157
33.491534823157345
6.188778080775995
14.385941113918129
19.976153224921354
19.17997997464692
13.08491206872476
18.974301072856754
35.60222181468586
13.712819027275495
35.44696887257334
13.933049921628117
19.4178330885992
21.97206150015513
27.97053132781911
14.741731642397323
9.680145042694283
15.78610724571576
30.48733112963413
14.413549669436296
22.221357045297506
19.056386782565646
30.3209346020416
16.88828434222361
22.24594829122237
14.33262634606558
39.096558712577924
24.818503715293826
24.30563380039428
24.556461664347406
25.73264608915686
24.57519835964398
13.60479421067835
28.617008686873113
27.153923256353526
18.10080209012473
13.574066930921967
22.19117131254566
28.39426312325537
16.61535317650188
20.90192071299043
33.57783072418436
24.183081623025895
16.324314630614403
22.8855063095662
18.337686629201635
31.78795846647576
19.529192489668162
19.783287152904244
22.829241140608637
20.09420529367839
29.07432470221097
14.24242022225977
13.365526711665511
36.245416553163615
20.008896046115098
8.782616634543563
6.753006445669831
30.935663650764162
17.62078854232489
9.745371423876168
11.102069082884086
9.956933729259056
6.988806927213865
15.390681099848512
25.821947322091276
22.108675007587326
28.872559686295958
5.613531101770308
15.554808329905295
15.390102183304771
15.899060424708061
18.71359818737798
17.26313464806298
11.637380499968554
12.881770393072816
6.674548733947957
6.226382758982418
25.378603134048326
21.021469203493677
26.99331535286838
31.125161514439682
21.309145495111643
19.021560744544132
12.3354339832799
8.618805510915431
21.00007583566697
21.05844980193623
23.157840425580105
16.151818822796734
18.14201307450597
28.406314787733617
21.714949291977735
17.39821259984216
7.740111326681804
24.555150042555994
26.31085178339945
16.609845590643513
21.11662321034047
11.857306415427393
22.616053793342505
13.079297006494093
19.06463884926983
27.907116083763675
21.227358022772098
18.071818754053798
11.929845822307641
12.934356046078099
15.069583639978893
15.523004235610076
13.706834210657401
15.842975701387765
33.16040726046289
9.016872916709124
21.77740840009803
18.636113809840637
4.347965899926802
14.756988896462776
29.70634790793267
13.244284687564154
20.11046751284208
21.23619984075873
16.441155751249227
16.81721496659735
22.559307375917037
10.710045913430033
10.540145298101553
15.193074441131712
37.12208275201021
17.08757409227211
19.439909851144822
36.22412547242791
14.062170919486299
24.493165878303206
19.666924647627877
29.17733309986168
23.087075011995083
27.47071415711962
21.379913948443434
22.963129206767665
33.333275661800556
25.101846811637035
7.060405548689212
31.90101711805612
31.139459856897087
12.325469374884978
26.69124647039219
14.16835485752644
21.557245464856628
16.93563823644706
16.264636434354458
23.355931501280672
25.60427737853308
13.900611672451108
10.551867559424844
29.41658045767124
25.042731785816947
25.64117183314955
22.794892112742318
23.980684162457663
15.916076750657279
27.9518468175429
29.60403090231243
26.290554184955617
23.682235660857508
13.56451193027116
19.051933197153378
24.18556926309475
29.35682867402481
24.424666210287082
32.887644255265705
7.240996929940065
17.253570799299073
17.408500297707572
30.67877579082847
31.779339233368738
17.94618098385956
37.39800629886633
10.3968494776588
21.055891121055097
24.149251966314957
6.418026586025379
27.222258332189938
17.49172909454188
33.103555504438326
24.14282569185436
30.436499503301736
27.393227454377197
32.125302681314864
25.17793178082238
28.157052990766243
20.004476380569372
19.48178835616849
26.791561861131175
11.793495622998837
22.17829412676183
18.713098695728284
17.031529899972284
18.308044121472296
28.200940415698515
38.55714500923301
20.424416176586835
22.35220167185473
13.11348105579621
24.34758949640242
28.878410270987434
4.475786008772333
16.931378775272798
12.086259371785
20.26016011798447
13.485551155552004
18.129553494126906
23.07340110514518
17.424905958512436
10.500534094907865
17.530171771606668
31.970016335935135
27.72908137864249
20.405340009885474
16.8286695349194
30.404641584538194
19.361076201926657
23.352253084750988
11.461399910067977
22.748118238653152
23.4592711686804
8.094101060907857
19.8986462369249
30.2762659676679
29.89104132279024
25.52118616445593
21.933694795512597
25.49666173661596
22.994243713190322
12.726086720102467
14.237856474297324
12.419774869374535
20.379807261648445
24.564543023784456
21.06573308361417
22.28823141193646
16.586436011809287
14.680299666662869
12.923943321082726
9.634908278028917
18.12892605633688
44.66275184541984
23.774934952269582
9.64334974790658
20.165114128546616
16.571669939751967
18.54994043242888
5.047040937273491
27.178208498341174
20.755635480885385
6.446839149759461
23.989481551950956
25.641897415602347
16.755482537596755
18.69050065317808
30.051738469278067
19.03078919010043
15.080438050428366
11.483835287466434
39.39743996791193
20.99905825947069
33.22422790179854
13.690352221227363
9.618518643346007
21.439819918863094
16.717444025614775
25.621371397763863
12.017309470938715
20.534313975676607
39.3708014891838
15.20512724816951
9.82146161779784
16.069518201966126
31.441060046223082
20.50359516191038
16.543204828409184
20.59267683819902
27.808103598060658
9.741022598054819
20.13809023651341
22.520612861275964
24.764085778860764
9.52937221904202
11.078570488098928
9.111914696676923
17.40635283688511
24.571307681793602
12.418781943674277
25.54107560517307
15.322246950506763
15.91797437407434
27.877191029511376
12.567376456865404
17.63477372727225
15.895522906458341
14.92904686843651
22.633789535250745
21.45652514763405
10.27296677370454
15.21198250517926
11.568352743549003
5.9881378927663285
14.08898482683223
24.317588584935393
18.028737294516272
27.021461651477946
26.113712596724824
23.220261563965682
13.463202564084527
22.946817805987493
15.031433053945584
7.111077387019544
9.617429571792238
20.05789116353744
11.235217114485213
30.248088235256887
25.17594721714418
22.504056563329
27.03800393198451
15.748216439791225
24.77560394805868
8.997825602061312
16.00255537222569
22.523074969244988
18.97502798614316
28.307414192070198
14.302385847634493
21.060096101694935
27.51305334774242
23.069150014564848
16.116266257045332
20.27104095367037
15.78045372389959
15.40773736117691
25.97821214306691
33.4340223141843
39.31894118255638
17.867866648636653
10.099740168513774
15.735192800310921
10.199058676781402
20.84317136740696
20.71915806107461
14.366221459925782
20.041746740126836
17.038160700199168
19.48767358230147
21.38816485664761
11.455972793416105
10.533455660583938
26.7762206049992
23.06387434070602
9.732802803703725
17.382740183300857
21.65124131732637
13.69138759231916
17.36399365525173
18.901159761403978
32.29931517603003
18.483288407087993
19.077097340589862
22.025488845136955
9.75571342762726
8.868724248975337
10.794767043203585
27.60734069111033
13.086539338107091
8.800968856778791
23.49544570902115
30.432993521561283
25.728860684025125
13.860043358859265
38.01098723522027
13.563544981981885
17.8054950527119
15.392851594344288
21.4545317877889
34.044008312826065
26.272792778127602
30.86503953205054
13.45908561194943
13.5706872324985
13.19408511594625
21.14938564641005
30.585855767515355
5.144963671639986
25.065791735449945
29.297201195614242
19.72342455096066
7.378637911326939
28.02348593439579
18.277376219097025
15.857430148319487
21.857646524440757
29.55390793973277
16.757618377407937
11.485456049984563
12.576613855746222
19.671147195605275
23.874956202015206
25.99646890141409
20.886286843153332
24.722059772265094
18.262828296153362
23.155166870883516
4.452699117614445
16.53149668351364
16.929607501098534
25.554560266341028
17.07206125748798
24.00551106202866
13.36282863735568
10.990241206032971
8.365915389711269
32.40732899652163
12.26430939700262
22.327773299340997
30.953260429429314
10.516098694338588
20.182243528679418
21.2189552024113
16.85810779878529
42.65764126617535
31.14619724840002
9.301006927125705
19.772205033411005
15.75242330861285
8.708618175857103
12.146346798806679
22.84683861178654
16.56506472112902
26.116047450976883
28.189346773632312
20.016413605880548
35.858242343104806
24.68654522137645
27.42600576858822
14.353775810378936
30.104461820146923
28.09430695841586
22.093579560708708
33.88987391469741
31.802186462615207
35.00124631867939
23.962983314591487
27.012365402847088
23.703625548538685
8.996912086138536
7.5419461841325575
25.91099994563725
26.799991362178137
22.402439154273615
36.08476662569876
16.589434651794566
12.643657987737326
23.02803149198001
24.035806603194313
37.95275603087806
27.29591303866728
20.825572458402792
11.37187040030114
24.858397978312414
25.85623709801375
22.716869000757605
13.622379397525942
16.41320300894333
18.381653729443467
17.05984716334553
28.10068907157726
22.9966601368255
8.635556929150317
21.56704076832458
14.326521844173252
18.08873801635686
22.185751154228207
17.776112562539446
29.180926307439705
17.632508136479174
13.89876530649661
18.503618849998166
7.829492979132003
16.635554718002968
16.243048563254348
20.307045232718554
24.117230131155427
28.777694560611508
28.95605381005328
15.817844452735628
17.460776178781675
15.776245184436666
22.395332844946505
35.120374953918265
25.70403567504462
32.74581968499123
21.00191894753574
25.07157644184496
5.358832966903146
14.65764598789125
18.87741068325976
20.74649802098742
22.787144258640353
32.39875187204016
14.657722212202652
12.32695187661024
21.256120248877078
10.33911052568324
22.019759517180287
16.04202824662519
25.030488654058743
18.64773180407738
9.00246803097718
17.52709339438914
23.502743839881866
11.229617033202631
20.87763223467973
14.945508203017226
11.28665711366318
12.570240255817845
22.416740344147172
21.98502750525619
25.380234474816774
35.19857760180076
26.36946792486221
15.449547537798322
30.282009899569655
41.0603137229696
16.457068882675348
35.968656114224956
14.70773972578482
21.981500363647335
23.776996160048274
8.879099643536279
18.471901561260776
20.96415556379015
24.939445898979052
11.830546896912761
22.28871358509243
12.81901885620002
30.91941330636427
34.73918402828487
12.830811831935753
12.933550380017307
41.4912347551212
31.450049506055617
22.995310751794126
29.906236980006437
4.946188577187495
13.816984474912823
30.23599114262922
19.643790298649755
18.963873958751343
18.139955379819707
10.163958486791323
18.442132242244185
14.860805306479868
14.338446251641972
18.39352964288812
30.733224384400796
28.932230288281918
17.20906441931958
15.992091729473435
18.00780775334165
16.948556589281406
22.43825246048334
14.137680374629202
26.185872750081014
39.913320267547824
11.507458016221381
14.915502064848656
17.5005093689289
32.85822271080676
15.492718046901564
20.326135947698827
21.788939009913797
9.86594872269131
24.64697405254931
8.067212344186656
32.27051204259532
13.282088970474335
15.286100281622177
12.948806759154348
19.804333635487954
22.777144252133688
17.927076112513245
14.571789237989522
31.26189697436145
11.54924650935263
10.335919885681843
29.942310940782036
16.022279876868193
34.229520363380544
24.33095553479794
18.273223677996565
27.665245038256778
18.048593838017517
32.52690662345939
40.71973569693788
18.494326152814168
15.77666305755191
34.77349007937783
17.121490947705293
22.38177911325472
11.538019870249391
26.60859630926271
21.083209063677227
25.305179917304592
16.17129405569645
12.879950410745035
16.189221883912143
17.313964758981285
14.438795244661073
34.90105788725658
12.90466244848719
15.464076467718966
7.4267166724392455
5.447480998413589
3.7565720347421885
20.573433052792677
13.42452096831142
22.97482725532046
11.596159963453934
11.717004775192933
26.04788994359374
13.30644291368271
21.934670246664513
20.437333990328153
15.461245192566036
18.02949443224958
17.613605324398822
23.795439165239333
5.698052913576379
13.876994474390282
20.458938379764138
27.510525277395537
18.299538013992148
16.55816755065288
29.03453984498474
12.455642246105512
24.373547231110226
12.001939116524234
29.88152121532754
21.14392449939664
10.917943996475515
30.120817943347046
25.332556642236625
17.710218256281557
21.001240079332106
27.999853854057033
12.459100663652439
32.93427764508768
24.878203500384338
28.510571345253652
24.6890724186088
34.750078122598886
19.630403463393588
17.392865343827708
10.318856597380012
22.18564149905559
8.037602077032519
24.049464045858116
12.700995020691245
14.838475100573923
14.818919678520489
19.00342148045688
10.993948998346838
26.27886342721585
18.56215225355477
13.0378933599484
10.967357961878857
38.74400208008363
24.96582816325882
19.453367393144966
27.05466490371817
36.13805860233801
36.83170383334774
41.11882142796561
19.52428076727053
27.62453506378045
33.770985545307816
10.276341502456638
18.0504917618834
25.462671366864015
17.517889194438638
26.412103569011155
8.168314011338383
20.907254029915443
23.00467796660598
22.67622495453715
18.52169228742146
33.51024584766529
23.140608753196986
6.679568953225566
13.347409106296155
8.804888143016994
11.71088051096695
21.33476012780504
19.973670222305618
23.891800616061584
28.59004671996962
14.75264788280902
24.055908618513907
11.640870643990526
20.126366898047195
21.444893716441218
28.42015396397622
25.904069882452266
17.023563453782238
22.587537390888524
22.906596542916226
13.678141865689028
19.742671177332245
27.537776441877927
14.909851316820259
15.229728217882856
34.31198798824913
43.414186307395504
24.97195544244056
17.028247421515154
25.94812830232647
25.64448691967899
14.646142863861998
14.726516279923166
20.811703049477817
16.46341153391073
36.66630978824264
21.94538407506585
30.364638620271403
22.546353516942528
5.163084949370001
13.5112529391595
25.681503440539295
16.653544218352913
25.588840243301984
13.426874639601245
13.612304460721514
18.84888810340344
32.37927918574464
20.33182045270692
13.369762712631633
13.76859134201141
15.229829243542618
34.54689313995153
29.31916314843754
13.409251599541808
22.656877531895166
26.958532616497276
12.294486060578675
21.79427043528432
27.456325987671722
21.848896298211404
23.406554460296793
20.660570267699185
10.007556993698467
19.28442350404337
26.58151870614057
21.60765739923294
34.38618332317203
34.55911464840797
14.900506671625198
15.75685211319065
13.798362332929807
10.822418923735519
20.991725052203645
44.02687929600884
17.4166185137545
20.230269513540097
21.663205699300875
21.285360337243997
15.663930508779258
24.37919364462015
19.261337646873983
20.928438977168916
17.52972070826347
23.404180770219387
7.303584698935968
19.28965512135211
12.89064553680746
16.4812420069294
34.52238319913722
25.791340541509314
19.57880802715298
35.779837419469764
20.83473520081247
23.037462760129927
14.871197533627553
14.390787456321405
9.754902067445537
12.824925146650454
20.38695369798856
26.63374237396014
15.120873505576169
23.465163376256836
20.083320367857713
11.236411127905924
7.036831461147116
7.652929273578375
21.820317891825272
12.217724713469162
28.42379557557744
17.4749127628933
22.763633498691632
21.393755076712335
13.352309963999556
20.497583571818122
11.03508492680212
18.2339177291454
11.175475164920964
36.54630655817777
23.83309499596683
20.29454517116038
28.719193802680557
17.78332869445894
22.5567905607592
28.23441528762673
27.85117370832937
4.041717258670766
7.594132215557954
20.80909586574419
37.05565174803697
27.022087797814496
12.073927056239276
21.466841358712898
31.740942434640466
11.539836027362888
24.49860822741212
8.885484095245623
20.329658881242946
9.303574468421163
11.780677119983961
5.463979160348096
24.796688590574366
13.462311472449354
29.050455853122674
23.316378859147406
20.249042097965475
28.40215078024539
24.82241589532772
10.985482528681588
18.76126788694963
18.364457287248385
13.59494293866975
5.791532901636275
19.96655735468554
8.511909967054448
19.360033429574695
12.594287136274609
11.363824062595139
27.3205907490424
30.585673656695295
24.966714646974964
28.63051935559959
19.269885240082683
23.248364831266105
27.15055820027686
16.690197338099612
30.54256251893231
18.703266263998444
11.459591534518312
22.671081136795515
15.416299952805328
16.925225283228862
26.81497473516486
23.796796096717895
9.557200084978962
31.077366152597747
19.12394740086659
20.794900020941764
25.120146298621012
19.028960724831272
14.506723587321568
29.183820899647884
15.983386625638797
32.41208518338706
20.785539808032944
35.089317563315845
24.89962443488802
12.695921299699416
13.76685918416833
23.256075058229413
15.479061221895757
32.443621546116816
22.395663805670736
12.789013582848813
17.822659734618306
18.766873649402037
24.51926409728811
31.707928671943012
16.70187655657531
13.330072903562094
19.657022501966463
20.00078827269627
14.272320979180002
27.394284738880007
15.793585269504815
19.122912840009853
16.573036892310306
19.20307336423695
24.750272557871984
10.460915685061202
20.190235055660917
16.691231996751075
10.649933690588226
30.573165028092685
18.206050880853585
29.052725513696572
26.194496422892755
30.418065855901723
21.877653833958203
28.006781812586617
18.451393725486113
32.41565041443959
9.804142539177588
19.510411647773847
25.13486103859039
40.39568966830174
22.834673782771787
23.90280050056563
16.401464180343456
17.786250734611105
25.209148274500393
10.151855967787661
21.96145581340762
19.853405615497294
21.362697778364826
29.99252410189004
23.803892568103155
22.618834625787088
27.663026844742102
27.94415249022617
28.076926430333778
17.460829827777538
9.182350324788993
17.946531610740454
22.433314640000656
18.401802019543997
41.435221521773364
13.439761148832977
27.889574610544138
33.11875365152263
18.270329885480844
8.27293920472827
16.39710248370596
27.061925951092416
13.303813831514848
24.693612595229325
19.099343737774163
30.091176832657787
9.835871827494882
21.420693583988655
24.599375405612765
31.161990863494758
19.996262440831078
13.62915508064503
15.50322752146469
31.193560633296507
23.00063754846041
26.541589362322775
24.814731040604382
29.469783384604725
10.828184636387766
13.663257674487467
9.39954084811378
21.19918343391963
30.507038845530296
23.137784848195153
20.985108347267538
39.314463681341664
28.6389008641161
23.952651822424013
15.00485934379134
26.63939933498533
30.650492222176112
21.330122337518613
17.31300017023875
17.907439501206785
19.057884757427434
27.03365645937662
20.74900049766058
16.966130625750885
22.46997221450012
27.028631973875402
29.64221734948241
32.50566703672656
19.979166852534938
13.058931279578676
18.185413952197422
33.65340190890845
20.026719024062565
10.703456397920178
24.040727572058184
9.450022734561731
26.46483464349303
23.025981691932067
26.7106147343065
15.744499272089794
23.807313104859343
27.29268344829805
27.593980305339116
27.072066933547145
7.939295656640016
9.159870515123947
7.1258961004418735
13.001561396885243
17.129033111080393
20.756790309776342
17.769533101238064
14.2119590100496
24.319785901069444
16.5608384412145
13.235988959502945
24.760957183361256
13.47528494942451
17.6369757270826
19.639640242301237
27.0483783672907
13.523308586783607
10.042267275888294
29.229137507152625
26.361004657642564
23.405635794163583
24.735814536901657
14.091584257235278
14.230800883554057
15.878046164689163
21.383746908302523
12.424916843840036
15.329286122455388
32.51031461753953
21.88122854844054
15.753505769676911
19.523972592242405
15.634823337619563
19.88255204404302
25.964152055613123
33.53573176919104
28.46199503216303
16.976808026243948
17.158800857251926
10.77485672956864
5.198608774728983
28.006730657088557
29.041480686298904
34.530239003447775
10.686036402464984
9.982540235937725
21.35125552457365
14.064612699622334
23.988512283896966
21.772933500729273
21.226825466590743
30.884660525417175
23.161540257740562
28.565351353177192
24.846006415562332
7.4963280015314
13.871328079731706
8.575831782510516
23.182623694239357
11.112332000295893
16.371498306854498
20.306495376198274
13.218634309253458
23.21783276498712
23.191324715198935
12.644040864906732
31.060125567793083
11.068179412263197
15.175902804828514
30.724357685965384
25.106231846153566
31.371156142661064
24.918527449519036
31.253587945887755
19.35703023032137
11.201853455916991
27.79592665224707
18.630680399393903
8.284870886833609
19.726186778543834
13.693078184938997
20.93638606983138
7.815136935739764
26.93058893550487
19.03519214630693
30.411096570898764
26.455710998925564
24.360136374260286
20.38585709226527
26.15195121701483
25.618806730485908
18.364423921314778
18.973782717647847
9.47816943268582
25.264896843077874
27.923063951842753
28.840217758476022
17.000392521859165
25.690247494028224
17.182216987770293
20.14279393193196
22.945344276519076
21.008850843868263
10.172627303909152
18.257478473513146
27.144919573216598
17.251137023241345
20.964883159685495
32.83632741980542
27.889899317226952
19.09272275242375
12.294144012703203
10.935752411715773
26.97102441319301
13.551852497848072
23.280588483144705
36.048894664271
20.84365419086007
18.943204563367157
7.018624674907115
13.900887282033473
7.2676994793004095
30.00604122564955
18.02059320343744
12.182185955871278
30.781534343627197
23.235396099355324
23.382645628228325
21.123793277031915
24.0585148780134
32.44409849419471
17.98039018763408
22.948990135758056
19.02020789602749
7.961164271494015
26.510091051342897
19.30309393029755
15.75490413826179
21.772167635919804
29.541634591547965
