28.537995640425773
17.73399477608691
13.292900201742807
25.245939626861112
27.140688170141217
8.503931197164745
30.07124393853272
17.57441134481952
24.793957358223913
25.808020673071606
17.269043145774575
22.26836164865053
23.22488579890573
32.624285394701786
10.633260071691161
37.13128991040562
18.579756784022376
11.493914818217494
14.407830222659701
12.51551464857453
28.49155442775805
20.30570963039604
16.946558562000998
28.235826699991996
18.612320937133376
13.515967456799308
33.333746594999525
24.030096765494296
18.492577189738817
21.441081095352892
15.925856747178804
20.56858522052877
11.503607690095075
27.286617325809022
4.428771010512763
16.68421597015841
14.889184855764503
8.128016225980533
19.532282881831307
27.380862610255782
20.451249379205787
20.406827150448212
22.744974588168745
18.73806571193891
26.88369675317194
15.379550817096993
13.773597987222534
15.662458431592345
22.779595473585584
16.96265978325575
5.414869263429883
18.675308123718438
28.255545208657278
20.910328136046566
17.38411614964356
10.669585420355356
12.327891149744634
7.621185030030548
11.229720137403186
17.667732104883374
12.105272540536568
23.127496502255415
10.52022257204913
9.457817593551926
12.684766239831317
12.923022939645842
17.18307204676677
22.785670918566414
23.5570507831916
18.181365007476785
32.253052955053235
21.873110563124616
15.055337614066561
26.86818397098953
13.808417721655408
17.145102584633346
13.110897893568643
11.51503173019602
16.07736326543926
16.622623965593398
21.383032290599683
9.86664578262701
26.22399506913416
14.164941762621678
15.94408311348523
17.5782820217161
19.695908691656903
22.401469384988648
11.633608270827011
24.61290085349796
21.024135795767833
21.836442853822764
20.093170767941842
22.160468103924217
24.749593768669563
9.362565329655743
32.85389381424165
14.286366934407997
11.815380583087531
39.512710248644716
25.139501865586272
16.25188945507966
15.317008662598363
12.808687657418622
12.782853427453865
10.749354970978773
20.476432449077663
21.61193270171592
16.889764275995415
15.264401376749529
14.553416743777728
27.371074721007652
21.191279573928966
15.814021771618837
27.230326195600707
20.434792617648746
18.566674894949863
33.59137562223147
25.68543793071129
29.784224397398788
21.897544630696515
24.697022219722733
30.872766601526575
25.9803718881067
17.10683707180513
4.642259407311153
26.712933394815582
9.97442215669777
14.037491145014531
15.814610319939666
13.891414229283422
37.015397530557856
16.871152386514517
19.01142422170915
29.818256423257633
25.73887647429975
15.192253097276382
16.67248002514883
14.876724097572273
29.240264806086834
19.839379085645035
15.61168532931522
7.161007948542018
9.053221155105451
19.419426962177617
21.700794869249407
23.461186431860554
13.150801712859197
17.869349179695586
19.222742983367457
23.451986935162527
14.836830141357588
4.264308006753507
28.75413020679954
21.166374915431398
23.009139882758003
10.54375853710123
28.87470269153203
19.08414076207372
15.671535896558046
17.005526286046692
21.840784620184284
18.107865445131857
7.082826439967065
10.147459972419067
11.650767610498747
6.848685376059671
17.312142400761914
16.501628805703724
14.752109360402033
25.752916172448824
8.361591204606576
30.05076267615508
14.59597771136859
12.680838142311625
11.33798198650099
23.772644618622127
34.83171512107617
22.539425486818573
42.11733695190178
21.76138444403806
17.409544145148374
9.23073619878125
8.498245225635426
27.578074864799454
8.552764983557955
14.781255485237383
16.651808107742156
21.048956777073325
22.410518568177494
12.648078915285756
29.93304905535228
15.04126760644617
19.40184475010572
23.28970611785239
25.057810145945385
20.644192122617063
21.35350528770794
8.302615325275122
8.507042916928123
8.18381822096729
15.625402633707276
14.118904155766913
32.28290395561634
18.140445288282052
24.561376658394376
26.6340597979062
20.508638009070665
21.94801134011337
14.146861050538597
26.530983712978443
24.9454608568
16.316569422970716
21.913753818054243
29.77056806166646
24.468388034893266
24.583078579638812
19.60327242801982
17.83721000328955
15.361604964535982
14.440925873406492
24.25849835555806
14.411516333455246
15.356631695720452
11.766988722113867
6.406664295636109
14.868582733890559
6.451329752711723
15.746514018122463
16.010193595795737
13.733032766033242
16.941201515714596
25.011913197543098
27.031346808575258
24.670505151622685
21.637754667697415
29.834607174849005
31.07210449755655
15.810149132226979
14.900177136521217
20.403141880572367
23.71688393709721
14.751908344735117
8.65686357189621
26.034689289680372
13.38464355764743
21.71872474663996
12.245166696053435
27.15370063694614
14.702489638061914
7.613949152962989
15.490979237502994
16.819250273881252
7.821849930125603
13.025820830350934
23.56872555933244
13.453866180452756
32.367347168223255
8.063729031834633
23.891817833521827
26.564147870522067
31.16637033911402
31.547263070573113
36.745414656235226
27.479581651169113
8.742418392072398
29.9509008385288
39.328061958952006
18.35093760976661
24.619502109951576
23.39322390551917
10.772320996819143
25.171575375610292
21.569758397860728
16.71088163936507
16.194982764102868
23.09110767865986
28.511504668037215
14.387853914119521
22.22222661645894
21.664113748865827
33.499225332628846
28.59059693011427
23.443759736270582
10.344557405200524
10.557746178799114
16.634136101127403
29.667504428184273
20.334665868946487
20.063512588131804
24.54496034994817
36.89514113893426
25.88510174442672
22.71369727318898
21.312972608393455
13.186092727323146
16.812445930145905
23.26136135703404
22.62290022919861
26.970974783061298
13.50974129122355
10.025191895470712
13.830841122289526
24.005438159194263
11.21100486607801
23.424990572800212
16.288900936670583
20.797091416140134
18.085159973155875
15.518286187017289
11.452215251998126
11.78990090511387
13.168068277074813
9.761997193862378
16.83198812541672
16.729400952543255
25.753353601189065
4.638186466192649
12.557741937471867
23.414856626434023
29.767076298747476
32.362068713381255
15.492269790943135
16.998537139546798
19.859814598882846
8.659769428684264
9.237804705322118
30.114158092373966
15.589334976191367
12.882480975190278
14.916190469865287
9.218157394902251
10.94043988827847
29.46015150211885
23.36588720509135
22.737765183740056
22.985285214927366
12.485643802375797
18.028566817740362
24.889419023272875
30.455911390288954
23.620358590005477
15.803749103005027
17.252632243683706
18.682026646890673
21.084242527986223
24.12389446789708
21.46727263233978
4.527724548645814
12.67488856328724
18.743023767967372
13.425383314582822
17.674259258952652
26.5180337140884
21.448162669322627
27.049306969697525
15.21025406532425
27.993990924000137
20.07074361550912
5.745210873764147
20.999663929620542
8.09654961014375
26.050801672086354
16.674510139323996
23.7599273782826
20.889156873725337
30.924537315358947
22.184344509028943
17.750833730665963
6.328144156834345
19.427267573764937
11.940689719403572
19.546666187041364
32.826369359797646
17.626921496353013
7.8914735784377115
16.403617078176534
14.092977961610616
16.749389209812453
19.038401445445857
19.634652322479706
18.360629705589123
14.311358560673673
25.513801389123127
22.338008184766146
16.18424274093037
10.955295747785886
23.415492970254995
13.766247221624367
21.048439000106796
13.49800344593515
14.220881171786766
24.19942932301465
22.084099205511727
6.95375866604371
13.168713174458583
22.70559892404251
11.362943242743036
25.719973684267075
11.309130966439733
5.6389211660051135
26.04647866069111
18.72627237074848
10.135182767148425
20.829882318376843
28.256384074051194
24.380734940403407
7.922272735951546
19.600230295311967
14.89568146578537
7.4011617710551345
11.223768698167678
12.042526323615792
21.017130257729495
17.76176390361108
32.85578733665958
25.124295998358424
16.649182448191983
20.73007793017982
9.110995989350974
18.676115675033767
8.99848496924839
16.875104518285443
18.770695652885227
23.04908383046432
29.567355636782576
28.71109905892244
7.366004743768832
29.245865880292122
28.795061681001833
16.40252405696863
9.616784999134072
11.347253544575176
20.49153221583473
17.012084040900906
24.71945689116386
18.562533700458456
18.239499886860205
15.598985929379232
29.55141723642736
17.735930701361067
13.88221244550879
22.056137554398
7.425629286099172
8.076318632368002
24.436443049981207
7.841578104358456
15.169643074379918
7.173852882216536
18.164763064451908
15.618281429097122
20.40074446679123
14.987080070399667
7.541280879240761
16.97748709188709
22.395541748515193
12.365343103525465
20.9982498021619
42.4444857415049
11.95966948481074
14.807959617539087
13.622601289162164
17.911417907834707
18.945155056287252
14.247995299567727
16.627597069206242
20.91514894369066
14.57003417940547
14.360807022171713
22.082866394836135
19.151471136946768
17.356582575617097
8.919544020123295
14.774951837362718
26.240100696204063
11.38095877688122
19.36583189910493
25.49059415499766
12.116091454502627
7.1017602250645915
14.554401681238634
22.239946992489305
14.582156848362102
19.87006521961407
10.479972063766896
30.60575563330851
13.767718933640946
19.954522301974023
11.852498921452236
23.035484924474012
23.829992609215328
21.613645620541458
19.57433182551789
11.487878648164983
19.17453609809353
38.07630261081972
33.748149518496554
23.225254868865058
17.98018296853394
17.51941284798335
18.29626062771826
15.39344101662758
20.460906192415155
31.926174320151333
29.415347623357878
16.405747440615357
23.292970352673496
12.490459084657493
7.744954965402866
19.603603859479385
12.138999893288116
11.647204676334706
12.979823060759935
14.283468892418286
27.290430363597107
16.78481194190353
22.767742371329057
8.959288169552202
7.4797007386143735
10.164503466275935
18.6644922737966
20.85697380551807
15.476771353530467
24.038216383432516
20.430116767360335
21.350330319237298
19.721083011122833
19.20024939361985
12.668770171363615
19.022232419136202
11.087046141766278
10.518368476120129
10.224616304479518
18.924872295120494
12.418560324197783
21.399645826272746
11.718946468598789
20.04007130096821
18.71805439754739
18.048384378458337
12.630397935529297
19.11111823003083
13.417746608458096
35.33877181149503
27.15917873908415
12.606268158862681
29.016270273414914
23.680972274202066
12.336192774421905
8.590500105322738
9.017758271333472
11.258874561504614
26.602005670132
20.56112446283945
9.675529130697962
22.574436307345177
19.785040085010305
13.875047718781227
22.789952523561194
14.024806253482987
28.599513392342924
19.989909961613275
17.37492419356315
12.644599418215213
36.71976259142492
12.580586296575628
16.838877900802174
15.113651976646763
3.9894994957011964
21.084872348271475
24.08386140017316
10.804053588273009
23.49488924075191
16.666736207274827
16.253673801421158
15.089676159617083
18.148907471091665
3.7179334147334617
30.212525622228632
32.47631458707575
11.05741720210881
20.379540004036976
18.531955564096986
19.29343948056212
20.348388368157483
27.181709627561766
29.95473591476833
22.099453500261983
18.216259995906317
16.175282823697636
24.127312544857418
19.08768670525727
20.359081437976666
7.367650888079978
11.324464336145805
11.211915268740562
24.759059761051585
18.448706206851455
21.557090927225484
11.990586415956278
14.31653729038106
28.670181846528607
14.344174458182247
6.8521589872413635
16.34095418525515
16.26219820249981
18.331302501332114
30.87989099829325
10.768373609565506
23.94926398558418
6.306566040373237
12.788465747065294
13.358746117625307
9.336253154533786
17.173499449157426
13.303562690553976
22.16049924614795
15.670444802455249
19.14570478230779
26.786904197666203
12.104625211617762
15.93349278605422
17.06997577989161
21.561218346421246
22.456461215467286
17.631325993405266
18.69430417824083
15.9088971963902
9.909699088851529
12.287745268267955
11.268746070200589
10.457856076097755
29.38619513899911
22.08479279786218
5.846791618965221
18.75004474745303
28.30670306353717
34.59743459395044
11.843468686607453
12.997887230912564
18.93469142309231
6.552773354175196
15.858256364785008
17.679546955351725
30.89478285218529
21.623858361660094
26.631244091792325
19.909146988868844
29.37953881151399
16.855919938386908
23.23250888256226
17.82903599189042
14.00802227138463
23.664888502086733
23.667168455147838
14.022718097467799
16.853508233341326
15.956080428843153
22.336620626296906
23.279578161310567
26.806457804149442
18.073177111016957
19.218289229994337
20.95863189085507
11.035943916707797
16.87636035531761
5.470449838277745
10.97583104722869
28.63918425302596
5.638626628570384
29.16656849727928
19.428780704980323
5.860384750274225
16.61320926990401
19.789573722648957
30.56194076898089
14.300302249265847
14.421568764059582
21.601930656615465
11.367606589094681
8.153517031815175
12.487745815197513
15.015439396478685
36.62400465759353
35.66061021139975
21.340335710092845
7.596790360882125
15.918160387423201
7.3007412852932285
25.192876314889137
10.207119786861234
31.007062216164417
25.45234098999769
23.97432985639935
20.085165049762928
11.813658042286365
15.862713807094455
9.507136662581122
10.033120586799411
6.039980677389082
4.136149810734505
23.10218767199516
14.53348904733017
15.134752964404916
12.445812554699888
9.445379124767125
14.499218713619637
24.66143469147141
11.704558202561637
31.95565690007358
22.27745657552651
22.641839227846578
12.127870095274435
22.747351853349738
10.515675152797373
25.65911167308558
21.169168576551353
13.70811599651928
12.17516952798074
20.457218524771356
13.126388766834213
14.47168169119887
18.374201171141404
17.255857678829184
11.646202274516785
10.248328126171335
9.870209743504828
14.11098775470273
31.37496057007808
22.411751878815974
18.459409995248443
21.204791672271206
20.062068753307077
16.46403081229785
7.1956793251188245
26.560357990074824
15.341511192441903
26.456975848624957
25.26483360882177
27.40224366086136
9.647114239826886
20.784277068148242
25.399068003339362
18.180080285288216
9.738101250239222
20.306091530514543
37.13775277779976
22.303087462836476
21.983997970949694
9.088564773708756
22.241217605496338
15.399318358616764
30.04778634497095
17.17454720764738
19.192538478066673
16.260299840273145
31.55463662449233
28.504102666366997
22.56424549473142
22.751525486714062
13.953943294155593
14.133148941970605
13.655039591660639
19.734687009817883
19.14152933184822
29.52334619854618
21.352128713746644
16.16122478271709
16.208511418814265
8.756933713076144
7.597091072010722
10.539082313900096
10.852045950207316
17.70388142550456
8.768462348475927
14.772905178085983
11.632695139011133
12.9653698752964
8.212859402765506
6.625741742717178
6.081041988054391
18.88303814503275
31.563926177952975
7.6629331066323
10.51521866476892
21.36090246810513
34.268375411896656
23.320029683701435
10.018512381897805
14.873379264552435
21.300221281655894
29.5579436869805
20.905184056164373
15.492470750460074
6.816571014392322
23.55139760206293
9.794250984512962
22.242116366489455
17.798931172046505
15.075695608797986
29.545337004145555
24.581224530352667
22.08837663296471
10.385828720018237
26.66520048574351
13.75402863177881
23.32288238605861
19.840164440689286
21.122840608002274
21.477365007264044
10.953743223323707
26.476057123008008
11.643752907695294
17.300366596112745
13.074178914494828
17.31181103478408
3.5433162304960644
22.729421720569295
18.446379553995246
12.912284552620026
12.20344301569447
21.522310643744653
7.021971665001826
11.517102046669452
11.372179564460842
25.383257696296432
12.963130740742951
12.125798329379593
24.385141266298337
19.415142660239788
24.100293540707625
12.448957313486325
20.512747831797085
14.357912015083716
6.451330434904638
34.399585222963964
23.360398745056745
17.535508635169876
19.411996525413997
27.193696636416753
32.77421408627095
6.387726913980267
14.685513514640176
14.151715571260112
21.94669121325179
25.436609700839302
13.802708828768186
6.68904542025231
32.69958361480197
16.62293113537714
16.05392868643763
14.818724098978205
26.02343905575605
15.25086140867109
8.102009784624917
16.96697469742948
12.923769641429436
3.804781177178618
4.591152617752669
10.01675175779526
4.043787790362245
8.729615202181796
33.46880171661807
9.523896430665463
24.961721644975718
27.35079755628292
26.95425282261913
30.668249895797178
24.49704352294371
10.410694204796389
27.92840057576416
25.003235569073347
24.063728478469454
26.29379594387572
18.068289070559732
16.60673515467179
23.49391527934087
15.37421479890284
8.075364788599131
29.25712714760131
16.712659309670137
23.07785793011732
19.051968552076605
21.97286954210601
40.11913921534059
8.94310050378221
27.60634585972117
10.599431749091837
20.18402777866082
21.027716613535162
28.337017841864085
24.002993924996346
31.551092787329566
18.265650470074245
19.167097040636595
21.75619785334966
17.30537505326573
25.678965039102422
33.164270931926175
12.64086575115891
21.528294087943962
20.221808625211843
13.98276493121512
16.561126624763098
14.033818668142205
24.25344925624155
16.576499190135834
32.433622558090065
25.90463845270247
21.742632658566645
13.791391325074907
12.727619953884203
24.960264117662717
15.561477026944154
20.88317603258733
14.80638394032369
26.804095521141257
22.320293081776562
22.46021812538614
34.6061033742109
5.24898572055024
30.82431473613412
21.82263704908792
22.868369993508548
17.064457117594856
28.970152730384914
11.732911840544952
5.394211126879817
31.780830984705002
12.722353288329385
19.67830579037537
31.752362720928637
27.005931432782223
27.139806427654232
9.624909029620536
26.09996861258524
25.80369925448341
15.437771729225666
10.099780791205722
13.502135314861848
9.848888315558225
16.003724358748556
16.12783111019728
19.2297575285804
37.84832295986171
22.93767389366644
20.93238621937169
28.33746622412156
29.23189681335499
26.86093327085857
27.93071524935632
11.636284794663865
25.17065792883475
11.353266130814108
19.57451489904862
26.334823555870354
14.104709844691255
13.081305123007665
12.495272235601613
12.508514302486518
26.75573396910429
7.693349559666197
16.139010176949917
22.384841957826538
30.68358859804805
12.250346362876432
18.72523314871853
19.55502740344402
10.52765747757168
11.940814356270522
19.048543851705233
12.506476834481129
9.350112922551125
3.5281165628400086
15.90519899205609
25.675243481990545
24.158495694107007
7.094590572787626
17.132257848799373
19.67331016102902
25.711647579062078
10.12951665152191
22.851786345629577
19.018278554592772
25.44223389522245
11.34581397950661
16.08718165166906
21.345725615648348
11.028955972864667
19.51477709868554
19.606068986694016
18.55923986565653
26.01513467866471
29.412558062686603
19.801978818766713
15.171030962065336
16.198570552343373
18.189142263599056
13.040649035535283
21.776761582065003
17.41930306467803
23.061528307654864
28.172926667638645
12.066511136533636
12.659872301317908
13.327325044495993
6.618337259178372
25.568546117325752
15.65499559950363
21.569689090948902
21.85026387922601
26.219460044555184
37.08106608388894
17.26536666932512
23.57558599249302
19.152207303803653
15.370587814476238
28.713065531617065
22.195848556545876
23.271357029391243
17.26056765141584
23.4451341443192
11.325630674570103
7.893868886310617
11.74698728098718
29.48121741079297
32.192598516479144
18.686437840239954
22.13737339378287
22.191803909037354
17.893054666061452
17.999569147463056
19.939007872126883
22.081940023935662
17.082792239381625
30.836308814465188
27.927703010503254
18.662983629470386
17.705229907841677
25.2512933522071
15.018250174187868
17.387721614898847
27.15118293136798
7.399968092817485
6.341205291760305
26.750153256815565
20.380578588491232
11.313865863608807
3.306623056774736
19.88067264672209
16.912615754228668
17.358948976928406
14.341368952572646
16.298022267551815
15.895846846125059
17.18690493484045
19.278571836930222
26.583178903504624
19.825062321373036
32.79554376545166
22.652610234289074
16.16047862766767
22.744352881659736
20.559498547109374
18.224564056784878
19.70397788463855
23.426411281549555
32.04345512607082
15.150400520355538
7.908001636054621
25.30432743610286
28.5121422731183
20.377225382191035
25.377422646733823
27.467802658430045
26.31307268384322
11.027326731995773
22.209820416305092
17.447157047128393
22.73318805239126
21.802815101471502
11.637050717486929
26.259569951732544
9.597953445250834
22.9584243234421
7.528187798981802
22.214296535122028
20.084714223893666
10.184830908278593
31.861591950947062
18.54497508539513
18.328611600581016
15.039400794029065
18.028344121342265
24.617463668601985
35.855354873406895
26.89961143129724
15.752679645661072
41.098456866417656
14.859603719333913
20.537737076218985
24.93638052551412
15.675516443823357
18.45839455015242
20.695421993392134
17.730791451701148
26.81209979467772
8.540517829162072
10.405224236661121
14.711246308698355
5.424353355271707
15.00918239168799
26.423237324927346
28.545576160258857
35.61040077795877
27.17774526851741
4.634195816052148
20.24384125170704
13.71818008567981
14.091634428404307
7.825849963261248
16.73428722148417
15.123916538821424
8.142037123573953
33.21634188825221
26.242471752233964
15.968791293639653
12.6173319641419
15.781421157071717
17.4196972082688
30.88796018033611
9.485686538282577
21.85797669060008
12.372905423778212
21.60809922771208
16.407646719829508
18.868517364123065
13.136884629151368
8.919102314423423
35.24829387328009
24.924051623142898
22.614496699451674
25.173987637781206
17.872120648859507
23.19348029258353
26.690721857919993
22.51946507928071
20.0883086759574
19.00239454427123
27.718267215940777
14.625656076615718
16.09450711343131
29.35817142212223
32.81755546049542
17.28595754806918
17.36693618555421
18.068931343041225
18.055885215752486
15.762602195554587
25.55586357719115
14.719485158892136
19.015939528091828
33.90028695508713
16.027833460916398
14.927956989831442
29.156552624920547
16.82600169866225
18.470099478881117
16.735890029511935
23.897937303372043
24.23942144132089
17.69718976595984
7.954406834808087
4.222175604879078
8.260941047324023
12.534961690838758
12.136732698690759
18.865101405554583
21.419308531490472
14.134937339101242
11.791971611705625
12.063374268822097
21.26001083094523
21.696339373917564
23.101611255702636
13.844785111537078
14.109683419432892
22.75955846586508
22.286776560717538
13.655759807638255
12.727473579403917
16.851866426070405
25.386402917367008
6.053336663142056
22.28711502109936
22.98460630915388
23.66575860489724
14.187887258558543
18.64881132819972
18.426135573676007
35.03896866355042
4.448093225513569
9.389075817233856
13.595699133557165
8.211825412066634
11.743300774211216
32.38221123392566
25.069710831207633
4.3664187884819
12.14503070109251
14.284768447763922
13.975158483360477
17.524212640536994
15.075614449240796
10.92768800736849
29.437817230540222
18.403571432466144
25.34003255812478
13.957518656315925
18.55646103298142
5.5892859768002925
29.35867649225387
15.037992327884327
19.750580042525762
14.495088037104974
18.379951502926815
15.984504330606766
8.685475449857
16.463050431420545
14.133740871975158
15.812115528636427
8.985663146099133
24.371512448850407
19.84371578978878
26.477301387364555
19.263706504579996
21.378668398979162
11.587860803647354
7.653683938148339
18.891480738980565
6.697778167916704
23.902370446998844
26.24620707599877
26.077520058616468
33.34199540096429
5.656455250955057
7.850108895534544
9.41395387099406
15.988041306913093
30.419382898925356
19.497492477842467
30.84267619133719
5.595467120724279
22.445435413098913
28.655070374190515
11.252992611100067
11.664724519617197
20.21765632159019
28.316358104899336
32.53862213747401
21.10049876814977
18.543501617946344
16.675190496201754
15.36082018877661
31.91019547773055
11.143622238978484
8.491646331414158
15.014201285701409
9.424306282797417
26.384238503131208
20.222609819999743
20.93021769101813
17.208032950281385
28.745547904881477
21.669575225088845
24.624879105652703
24.903735509124406
15.75448457574109
12.423345087861994
15.143746530208508
12.470215982479544
18.31862308686118
28.63847595595848
20.226314163401053
9.217796393491092
17.485572461541967
9.388148048479962
24.961157494636097
19.51083566072573
23.38734081924741
25.738138282773523
18.137781577884148
6.270052788220238
22.976351405874173
15.704056884984956
18.991887165407306
15.586741268865955
20.47472107698539
15.596779921270866
10.465341891708958
18.67774010864231
36.58207703159054
17.215521231701054
19.34864993432186
17.37892025638922
16.311583675439312
14.679255223266926
21.26912417527728
15.837297859582286
19.86795010241006
4.989138469251287
9.854537489603405
23.067874602524423
14.471003896224802
11.481682859620522
25.42597762883887
17.83670974989093
14.139175501009463
29.095619653111775
12.573737562319897
13.40518935457781
6.060657097657741
8.77381285583222
9.708618940930254
8.869895487333235
24.70963623043574
6.159052265757661
17.988770005048757
21.691402257251873
15.384935113165437
19.89820398662846
21.03314629954519
36.89576511790718
21.043789990991463
27.045653031360036
20.04721120145565
15.845773449334128
34.338295069645575
15.605070376288062
19.154029826972106
24.599451937113244
12.478834188497583
18.53664229447558
16.703752388375097
11.664712776656927
13.179348518971304
7.891365204565601
17.251920519163566
17.79398754842565
31.316318194415505
19.232312828988146
16.39818398566761
20.5902841814233
25.404564955001653
17.61498256440411
4.127734893488247
21.63439711591461
15.431141235314849
21.671871909585768
25.619409000889412
33.72563659906319
4.066004223080512
18.545639284937096
21.263375551068776
27.55934554764277
15.313888942620657
21.89281499648398
9.452602411463914
30.72305340406547
17.032412203111146
20.42536453292834
15.713402712628252
19.070753574347727
12.439123121037639
18.061454449112194
13.340731367279805
26.863929943947834
32.7819739661537
25.247543702995948
10.162038353828835
12.871136123796107
19.27285588727682
31.523669827617702
9.025455085802472
22.267801383907386
27.848244878120457
13.736049445634462
31.514902006332196
12.41817679497579
16.358367281546332
21.832173124023335
35.30554876328094
10.652006240800324
23.570475201111226
20.463843047581683
9.354845263328997
16.715653426352574
4.432710882831889
26.933852829831427
9.782393935864507
14.725988877130046
8.175144712256987
16.6092001835264
14.998505112160903
20.49371100598128
30.984586156330327
20.21123070137035
12.696816800276459
18.54020587268007
7.952745295933286
41.195111520092176
35.511790185725296
19.905454690047847
26.295053207906395
10.962396740594038
22.788052031602163
22.107456205923395
19.171169072871226
8.137202310382827
6.794182676021677
27.765155594183657
22.493440017063374
24.08558449332575
30.999223159399918
25.4003772054735
16.190775630000623
12.75603102231474
28.644623240387016
27.47984000215545
24.252770974210602
16.3301372335119
23.321399436594028
10.345813865654355
31.1276768574569
13.313302276719487
22.400708454206853
24.658996881929156
19.590753898987415
5.764588977502628
15.46252347901342
21.48851218386214
19.02491204673943
18.92994280559717
18.74789748030004
12.346052255239051
20.823439617995984
20.114915477830767
20.815070757775246
29.671178744581287
14.865625835714976
21.604413199070468
26.72436646792922
17.839659678494275
20.735069938115497
22.272678623487142
12.30890698642421
21.857959397121146
18.011972225731693
22.482213025268415
21.137969204377704
17.26600690284783
25.58567561318073
17.367508620990996
16.570212571260846
12.999971143972864
18.18060951150769
8.568129983285814
14.716215325091598
29.524638414557927
17.08788060790307
16.182433766764508
24.504246146762995
28.327443406353893
16.035737815615942
37.54459874275997
11.04209747138548
10.537218549878794
11.049313499635035
23.24130235354154
12.892793951058072
11.340249728468747
11.991959625222075
23.43013186592985
24.62155533413245
27.604534527013115
24.40573821394997
25.913147223617383
25.38597535794269
27.071169960097563
23.94700320555537
13.060875073713438
21.268444485358394
23.050499953303166
23.093674237881405
26.536495230162725
22.352470391820837
21.31016086964991
8.374313332254603
23.57152184534111
13.549220931437494
